Project4_DDN6_2.txt												
2												
11												
3												
Type of resistivity data (1=resistance,0=resistivity)												
1												
312												
2												
1												
Chargeability												
mV/V												
0.01	1.93											
Error estimate for data present												
Type of error estimate (0=same unit as data)												
0												
4	0	0	2	0	6	0	4	0	3.00692	TODO	5.373578	0.2686789
4	0	0	2	0	8	0	6	0	0.738201	TODO	7.886284	0.3943142
4	0	0	2	0	10	0	8	0	0.265673	TODO	6.856657	0.34283285
4	0	0	2	0	12	0	10	0	0.131132	TODO	8.907966	0.4453983
4	0	0	2	0	14	0	12	0	0.077759	TODO	14.627735	0.73138675
4	0	0	2	0	16	0	14	0	0.060418	TODO	16.069591	0.80347955
4	0	0	4	0	20	0	16	0	0.125872	TODO	10.701117	0.53505585
4	0	0	4	0	24	0	20	0	0.074201	TODO	7.127951	0.35639755
4	0	0	4	0	28	0	24	0	0.061121	TODO	7.195825	0.35979125
4	0	0	4	0	32	0	28	0	0.042945	TODO	8.077072	0.4038536
4	0	0	6	0	24	0	18	0	0.220594	TODO	8.689022	0.4344511
4	0	0	6	0	36	0	30	0	0.079969	TODO	14.19157	0.7095785
4	0	0	6	0	42	0	36	0	0.02471	TODO	42.416902	2.1208451
4	0	0	6	0	48	0	42	0	0.01746	TODO	36.785035	1.83925175
4	0	0	8	0	40	0	32	0	0.098367	TODO	25.194308	1.2597154
4	0	0	8	0	48	0	40	0	0.035446	TODO	39.98042	1.999021
4	0	0	8	0	56	0	48	0	0.039225	TODO	12.934777	0.64673885
4	2	0	4	0	8	0	6	0	2.34589	TODO	5.050246	0.2525123
4	2	0	4	0	10	0	8	0	0.586662	TODO	6.465703	0.32328515
4	2	0	4	0	12	0	10	0	0.215851	TODO	7.613907	0.38069535
4	2	0	4	0	14	0	12	0	0.104486	TODO	8.581084	0.4290542
4	2	0	4	0	16	0	14	0	0.070838	TODO	9.232935	0.46164675
4	2	0	4	0	18	0	16	0	0.038554	TODO	8.282803	0.41414015
4	2	0	6	0	22	0	18	0	0.114416	TODO	8.228491	0.41142455
4	2	0	6	0	26	0	22	0	0.078826	TODO	7.396581	0.36982905
4	2	0	6	0	30	0	26	0	0.062086	TODO	6.492584	0.3246292
4	2	0	6	0	34	0	30	0	0.043147	TODO	12.641326	0.6320663
4	2	0	8	0	26	0	20	0	0.233278	TODO	7.719532	0.3859766
4	2	0	8	0	38	0	32	0	0.069448	TODO	22.234027	1.11170135
4	2	0	8	0	44	0	38	0	0.023925	TODO	45.740711	2.28703555
4	2	0	8	0	50	0	44	0	0.019001	TODO	20.36261	1.0181305
4	2	0	10	0	42	0	34	0	0.076511	TODO	33.689282	1.6844641
4	2	0	10	0	50	0	42	0	0.040561	TODO	23.327716	1.1663858
4	2	0	10	0	58	0	50	0	0.048009	TODO	4.030195	0.20150975
4	4	0	6	0	10	0	8	0	2.90079	TODO	4.895344	0.2447672
4	4	0	6	0	12	0	10	0	0.696091	TODO	6.770708	0.3385354
4	4	0	6	0	14	0	12	0	0.250877	TODO	8.300385	0.41501925
4	4	0	6	0	16	0	14	0	0.139123	TODO	8.422359	0.42111795
4	4	0	6	0	18	0	16	0	0.066396	TODO	8.537523	0.42687615
4	4	0	6	0	20	0	18	0	0.041078	TODO	8.214355	0.41071775
4	4	0	8	0	24	0	20	0	0.13249	TODO	7.426677	0.37133385
4	4	0	8	0	28	0	24	0	0.099256	TODO	7.657332	0.3828666
4	4	0	8	0	32	0	28	0	0.066903	TODO	7.92746	0.396373
4	4	0	8	0	36	0	32	0	0.042562	TODO	18.925124	0.9462562
4	4	0	10	0	28	0	22	0	0.281599	TODO	6.42834	0.321417
4	4	0	10	0	40	0	34	0	0.055024	TODO	31.276504	1.5638252
4	4	0	10	0	46	0	40	0	0.027451	TODO	41.14576	2.057288
4	4	0	10	0	52	0	46	0	0.025108	TODO	10.284134	0.5142067
4	4	0	12	0	44	0	36	0	0.071949	TODO	40.430429	2.02152145
4	4	0	12	0	52	0	44	0	0.050325	TODO	13.541897	0.67709485
4	4	0	12	0	60	0	52	0	0.058668	TODO	2.231117	0.11155585
4	6	0	8	0	12	0	10	0	3.3331	TODO	5.852237	0.29261185
4	6	0	8	0	14	0	12	0	0.755347	TODO	7.591235	0.37956175
4	6	0	8	0	16	0	14	0	0.31495	TODO	8.787938	0.4393969
4	6	0	8	0	18	0	16	0	0.122925	TODO	9.096472	0.4548236
4	6	0	8	0	20	0	18	0	0.066216	TODO	8.33561	0.4167805
4	6	0	8	0	22	0	20	0	0.042206	TODO	8.724012	0.4362006
4	6	0	10	0	26	0	22	0	0.150233	TODO	6.610887	0.33054435
4	6	0	10	0	30	0	26	0	0.109245	TODO	6.076881	0.30384405
4	6	0	10	0	34	0	30	0	0.073095	TODO	11.83095	0.5915475
4	6	0	10	0	38	0	34	0	0.032723	TODO	29.463338	1.4731669
4	6	0	12	0	30	0	24	0	0.312274	TODO	6.246059	0.31230295
4	6	0	12	0	42	0	36	0	0.047229	TODO	41.232406	2.0616203
4	6	0	12	0	48	0	42	0	0.032402	TODO	31.756655	1.58783275
4	6	0	12	0	54	0	48	0	0.034481	TODO	6.83847	0.3419235
4	6	0	14	0	46	0	38	0	0.070284	TODO	43.21358	2.160679
4	6	0	14	0	54	0	46	0	0.065111	TODO	11.276447	0.56382235
4	6	0	14	0	62	0	54	0	0.066193	TODO	9.64492	0.482246
4	8	0	10	0	14	0	12	0	3.03992	TODO	5.474251	0.27371255
4	8	0	10	0	16	0	14	0	0.814731	TODO	8.044819	0.40224095
4	8	0	10	0	18	0	16	0	0.238477	TODO	8.904344	0.4452172
4	8	0	10	0	20	0	18	0	0.106229	TODO	7.862102	0.3931051
4	8	0	10	0	22	0	20	0	0.059958	TODO	7.312013	0.36560065
4	8	0	10	0	24	0	22	0	0.04831	TODO	5.699479	0.28497395
4	8	0	12	0	28	0	24	0	0.176111	TODO	6.461869	0.32309345
4	8	0	12	0	32	0	28	0	0.109502	TODO	6.740905	0.33704525
4	8	0	12	0	36	0	32	0	0.06733	TODO	17.358645	0.86793225
4	8	0	12	0	40	0	36	0	0.026107	TODO	38.091845	1.90459225
4	8	0	14	0	32	0	26	0	0.334337	TODO	6.398158	0.3199079
4	8	0	14	0	44	0	38	0	0.045126	TODO	44.459673	2.22298365
4	8	0	14	0	50	0	44	0	0.03588	TODO	19.901397	0.99506985
4	8	0	14	0	56	0	50	0	0.046017	TODO	2.421858	0.1210929
4	8	0	16	0	48	0	40	0	0.078847	TODO	34.762847	1.73814235
4	8	0	16	0	56	0	48	0	0.086778	TODO	3.18963	0.1594815
4	10	0	12	0	16	0	14	0	5.3453	TODO	7.002479	0.35012395
4	10	0	12	0	18	0	16	0	0.814986	TODO	9.758723	0.48793615
4	10	0	12	0	20	0	18	0	0.245766	TODO	9.117401	0.45587005
4	10	0	12	0	22	0	20	0	0.107445	TODO	7.884116	0.3942058
4	10	0	12	0	24	0	22	0	0.075944	TODO	5.583104	0.2791552
4	10	0	12	0	26	0	24	0	0.053974	TODO	7.068636	0.3534318
4	10	0	14	0	30	0	26	0	0.188667	TODO	5.594807	0.27974035
4	10	0	14	0	34	0	30	0	0.115653	TODO	11.27747	0.5638735
4	10	0	14	0	38	0	34	0	0.050038	TODO	27.98068	1.399034
4	10	0	14	0	42	0	38	0	0.022247	TODO	46.733779	2.33668895
4	10	0	16	0	34	0	28	0	0.338986	TODO	11.334013	0.56670065
4	10	0	16	0	46	0	40	0	0.050245	TODO	38.408283	1.92041415
4	10	0	16	0	52	0	46	0	0.046147	TODO	1.062274	0.0531137
4	10	0	16	0	58	0	52	0	0.055813	TODO	-1.020382	-0.0510191
4	10	0	18	0	50	0	42	0	0.085803	TODO	25.026953	1.25134765
4	10	0	18	0	58	0	50	0	0.100367	TODO	4.059958	0.2029979
4	12	0	14	0	18	0	16	0	4.37101	TODO	9.503306	0.4751653
4	12	0	14	0	20	0	18	0	0.738804	TODO	10.659733	0.53298665
4	12	0	14	0	22	0	20	0	0.207536	TODO	9.160591	0.45802955
4	12	0	14	0	24	0	22	0	0.116325	TODO	5.78025	0.2890125
4	12	0	14	0	26	0	24	0	0.074067	TODO	6.898716	0.3449358
4	12	0	14	0	28	0	26	0	0.063512	TODO	6.428919	0.32144595
4	12	0	16	0	32	0	28	0	0.184901	TODO	6.374858	0.3187429
4	12	0	16	0	36	0	32	0	0.105111	TODO	16.902589	0.84512945
4	12	0	16	0	40	0	36	0	0.039063	TODO	38.307877	1.91539385
4	12	0	16	0	44	0	40	0	0.025524	TODO	45.521268	2.2760634
4	12	0	18	0	36	0	30	0	0.29392	TODO	12.893585	0.64467925
4	12	0	18	0	48	0	42	0	0.052072	TODO	29.375792	1.4687896
4	12	0	18	0	54	0	48	0	0.055701	TODO	3.510577	0.17552885
4	12	0	18	0	60	0	54	0	0.055521	TODO	4.425377	0.22126885
4	12	0	20	0	52	0	44	0	0.088891	TODO	13.279487	0.66397435
4	12	0	20	0	60	0	52	0	0.100823	TODO	4.854901	0.24274505
4	14	0	16	0	20	0	18	0	4.93793	TODO	9.952158	0.4976079
4	14	0	16	0	22	0	20	0	0.702008	TODO	10.967275	0.54836375
4	14	0	16	0	24	0	22	0	0.247596	TODO	6.0705	0.303525
4	14	0	16	0	26	0	24	0	0.129028	TODO	6.091496	0.3045748
4	14	0	16	0	28	0	26	0	0.09871	TODO	5.239813	0.26199065
4	14	0	16	0	30	0	28	0	0.060893	TODO	4.249824	0.2124912
4	14	0	18	0	34	0	30	0	0.171682	TODO	9.766849	0.48834245
4	14	0	18	0	38	0	34	0	0.069715	TODO	26.502279	1.32511395
4	14	0	18	0	42	0	38	0	0.029727	TODO	46.518568	2.3259284
4	14	0	18	0	46	0	42	0	0.02578	TODO	37.849047	1.89245235
4	14	0	20	0	38	0	32	0	0.21919	TODO	17.868109	0.89340545
4	14	0	20	0	50	0	44	0	0.050166	TODO	19.264808	0.9632404
4	14	0	20	0	56	0	50	0	0.064076	TODO	7.435463	0.37177315
4	14	0	20	0	62	0	56	0	0.049592	TODO	10.704719	0.53523595
4	14	0	22	0	54	0	46	0	0.102302	TODO	6.242508	0.3121254
4	14	0	22	0	62	0	54	0	0.098565	TODO	6.0694	0.30347
4	16	0	18	0	22	0	20	0	3.7053	TODO	11.208017	0.56040085
4	16	0	18	0	24	0	22	0	0.563324	TODO	7.903084	0.3951542
4	16	0	18	0	26	0	24	0	0.187361	TODO	5.259264	0.2629632
4	16	0	18	0	28	0	26	0	0.117933	TODO	3.907142	0.1953571
4	16	0	18	0	30	0	28	0	0.066069	TODO	1.927622	0.0963811
4	16	0	18	0	32	0	30	0	0.048249	TODO	6.060909	0.30304545
4	16	0	20	0	36	0	32	0	0.119226	TODO	13.263315	0.66316575
4	16	0	20	0	40	0	36	0	0.041105	TODO	35.204137	1.76020685
4	16	0	20	0	44	0	40	0	0.025716	TODO	43.232228	2.1616114
4	16	0	20	0	48	0	44	0	0.021365	TODO	22.634761	1.13173805
4	16	0	22	0	40	0	34	0	0.139521	TODO	24.654463	1.23272315
4	16	0	22	0	52	0	46	0	0.053656	TODO	8.987347	0.44936735
4	16	0	22	0	58	0	52	0	0.062836	TODO	5.41285	0.2706425
4	16	0	24	0	56	0	48	0	0.117752	TODO	2.315612	0.1157806
4	18	0	20	0	24	0	22	0	3.79488	TODO	8.016943	0.40084715
4	18	0	20	0	26	0	24	0	0.516207	TODO	6.429171	0.32145855
4	18	0	20	0	28	0	26	0	0.204938	TODO	3.466094	0.1733047
4	18	0	20	0	30	0	28	0	0.094043	TODO	1.457296	0.0728648
4	18	0	20	0	32	0	30	0	0.056568	TODO	5.186122	0.2593061
4	18	0	20	0	34	0	32	0	0.039857	TODO	9.117037	0.45585185
4	18	0	22	0	38	0	34	0	0.080624	TODO	20.921943	1.04609715
4	18	0	22	0	42	0	38	0	0.031151	TODO	41.128658	2.0564329
4	18	0	22	0	46	0	42	0	0.025975	TODO	31.380004	1.5690002
4	18	0	22	0	50	0	46	0	0.022785	TODO	6.63474	0.331737
4	18	0	24	0	42	0	36	0	0.105512	TODO	33.865197	1.69325985
4	18	0	24	0	54	0	48	0	0.065489	TODO	-0.557729	-0.02788645
4	18	0	24	0	60	0	54	0	0.062257	TODO	1.457148	0.0728574
4	18	0	26	0	58	0	50	0	0.135054	TODO	0.142	0.0071
4	20	0	22	0	26	0	24	0	3.39585	TODO	9.740494	0.4870247
4	20	0	22	0	28	0	26	0	0.591615	TODO	5.182314	0.2591157
4	20	0	22	0	30	0	28	0	0.201245	TODO	0.680742	0.0340371
4	20	0	22	0	32	0	30	0	0.095778	TODO	3.16441	0.1582205
4	20	0	22	0	34	0	32	0	0.058472	TODO	5.585567	0.27927835
4	20	0	22	0	36	0	34	0	0.029485	TODO	14.706247	0.73531235
4	20	0	24	0	40	0	36	0	0.061759	TODO	30.048065	1.50240325
4	20	0	24	0	44	0	40	0	0.034738	TODO	39.607713	1.98038565
4	20	0	24	0	48	0	44	0	0.027954	TODO	18.257072	0.9128536
4	20	0	24	0	52	0	48	0	0.029977	TODO	-1.338897	-0.06694485
4	20	0	26	0	44	0	38	0	0.097988	TODO	38.021392	1.9010696
4	20	0	26	0	56	0	50	0	0.086382	TODO	-1.518996	-0.0759498
4	20	0	26	0	62	0	56	0	0.062892	TODO	2.500479	0.12502395
4	20	0	28	0	60	0	52	0	0.156872	TODO	-0.26507	-0.0132535
4	22	0	24	0	28	0	26	0	3.1377	TODO	10.982169	0.54910845
4	22	0	24	0	30	0	28	0	0.51213	TODO	1.776229	0.08881145
4	22	0	24	0	32	0	30	0	0.183211	TODO	2.879828	0.1439914
4	22	0	24	0	34	0	32	0	0.094584	TODO	4.890306	0.2445153
4	22	0	24	0	36	0	34	0	0.04265	TODO	13.288875	0.66444375
4	22	0	24	0	38	0	36	0	0.022759	TODO	25.218496	1.2609248
4	22	0	26	0	42	0	38	0	0.051098	TODO	38.859248	1.9429624
4	22	0	26	0	46	0	42	0	0.039015	TODO	31.453355	1.57266775
4	22	0	26	0	50	0	46	0	0.033617	TODO	6.685761	0.33428805
4	22	0	26	0	54	0	50	0	0.04078	TODO	-2.299934	-0.1149967
4	22	0	28	0	46	0	40	0	0.108635	TODO	35.472937	1.77364685
4	22	0	28	0	58	0	52	0	0.10365	TODO	0.850332	0.0425166
4	22	0	30	0	62	0	54	0	0.161883	TODO	3.988723	0.19943615
4	24	0	26	0	30	0	28	0	2.30134	TODO	3.956414	0.1978207
4	24	0	26	0	32	0	30	0	0.406381	TODO	3.277463	0.16387315
4	24	0	26	0	34	0	32	0	0.169476	TODO	3.682924	0.1841462
4	24	0	26	0	36	0	34	0	0.06712	TODO	11.000368	0.5500184
4	24	0	26	0	38	0	36	0	0.03295	TODO	22.689627	1.13448135
4	24	0	26	0	40	0	38	0	0.016771	TODO	33.971228	1.6985614
4	24	0	28	0	44	0	40	0	0.059161	TODO	38.702729	1.93513645
4	24	0	28	0	48	0	44	0	0.044184	TODO	16.732144	0.8366072
4	24	0	28	0	52	0	48	0	0.046712	TODO	-4.112718	-0.2056359
4	24	0	28	0	56	0	52	0	0.055001	TODO	-2.597698	-0.1298849
4	24	0	30	0	48	0	42	0	0.11836	TODO	24.558413	1.22792065
4	24	0	30	0	60	0	54	0	0.104463	TODO	2.024054	0.1012027
4	26	0	28	0	32	0	30	0	1.74769	TODO	5.271037	0.26355185
4	26	0	28	0	34	0	32	0	0.408522	TODO	3.083987	0.15419935
4	26	0	28	0	36	0	34	0	0.132072	TODO	8.847318	0.4423659
4	26	0	28	0	38	0	36	0	0.056373	TODO	20.619546	1.0309773
4	26	0	28	0	40	0	38	0	0.025784	TODO	33.615207	1.68076035
4	26	0	28	0	42	0	40	0	0.018009	TODO	42.274245	2.11371225
4	26	0	30	0	46	0	42	0	0.062322	TODO	30.155982	1.5077991
4	26	0	30	0	50	0	46	0	0.050394	TODO	2.213236	0.1106618
4	26	0	30	0	54	0	50	0	0.059881	TODO	-7.227193	-0.36135965
4	26	0	30	0	58	0	54	0	0.055038	TODO	-1.194248	-0.0597124
4	26	0	32	0	50	0	44	0	0.133706	TODO	14.843441	0.74217205
4	26	0	32	0	62	0	56	0	0.099353	TODO	4.254145	0.21270725
4	28	0	30	0	34	0	32	0	1.41607	TODO	3.036648	0.1518324
4	28	0	30	0	36	0	34	0	0.276048	TODO	5.288282	0.2644141
4	28	0	30	0	38	0	36	0	0.090951	TODO	15.298229	0.76491145
4	28	0	30	0	40	0	38	0	0.034854	TODO	28.210485	1.41052425
4	28	0	30	0	42	0	40	0	0.021922	TODO	38.107987	1.90539935
4	28	0	30	0	44	0	42	0	0.018773	TODO	33.850752	1.6925376
4	28	0	32	0	48	0	44	0	0.067558	TODO	23.366505	1.16832525
4	28	0	32	0	52	0	48	0	0.058854	TODO	-3.513093	-0.17565465
4	28	0	32	0	56	0	52	0	0.066232	TODO	-3.231683	-0.16158415
4	28	0	32	0	60	0	56	0	0.046392	TODO	4.221741	0.21108705
4	28	0	34	0	52	0	46	0	0.146578	TODO	10.661967	0.53309835
4	30	0	32	0	36	0	34	0	1.80021	TODO	5.232351	0.26161755
4	30	0	32	0	38	0	36	0	0.370877	TODO	10.027128	0.5013564
4	30	0	32	0	40	0	38	0	0.107178	TODO	19.553	0.97765
4	30	0	32	0	42	0	40	0	0.056433	TODO	31.541345	1.57706725
4	30	0	32	0	44	0	42	0	0.039672	TODO	37.165864	1.8582932
4	30	0	32	0	46	0	44	0	0.023467	TODO	34.223483	1.71117415
4	30	0	34	0	50	0	46	0	0.074132	TODO	21.226415	1.06132075
4	30	0	34	0	54	0	50	0	0.066437	TODO	2.862147	0.14310735
4	30	0	34	0	58	0	54	0	0.061519	TODO	8.613903	0.43069515
4	30	0	34	0	62	0	58	0	0.045511	TODO	15.009787	0.75048935
4	30	0	36	0	54	0	48	0	0.136019	TODO	16.081571	0.80407855
4	32	0	34	0	38	0	36	0	1.67168	TODO	3.709108	0.1854554
4	32	0	34	0	40	0	38	0	0.30469	TODO	7.572603	0.37863015
4	32	0	34	0	42	0	40	0	0.130245	TODO	18.287656	0.9143828
4	32	0	34	0	44	0	42	0	0.080111	TODO	28.466636	1.4233318
4	32	0	34	0	46	0	44	0	0.040008	TODO	35.135502	1.7567751
4	32	0	34	0	48	0	46	0	0.023861	TODO	31.915784	1.5957892
4	32	0	36	0	52	0	48	0	0.060652	TODO	25.464005	1.27320025
4	32	0	36	0	56	0	52	0	0.05406	TODO	17.992652	0.8996326
4	32	0	36	0	60	0	56	0	0.041645	TODO	23.787474	1.1893737
4	32	0	38	0	56	0	50	0	0.109894	TODO	27.83847	1.3919235
4	34	0	36	0	40	0	38	0	1.63961	TODO	3.681015	0.18405075
4	34	0	36	0	42	0	40	0	0.34946	TODO	7.495843	0.37479215
4	34	0	36	0	44	0	42	0	0.162244	TODO	16.513391	0.82566955
4	34	0	36	0	46	0	44	0	0.06742	TODO	28.649345	1.43246725
4	34	0	36	0	48	0	46	0	0.031113	TODO	38.221217	1.91106085
4	34	0	36	0	50	0	48	0	0.016597	TODO	36.42533	1.8212665
4	34	0	38	0	54	0	50	0	0.041361	TODO	47.172421	2.35862105
4	34	0	38	0	58	0	54	0	0.035441	TODO	41.462049	2.07310245
4	34	0	38	0	62	0	58	0	0.029264	TODO	40.368918	2.0184459
4	34	0	40	0	58	0	52	0	0.087239	TODO	48.174505	2.40872525
4	36	0	38	0	42	0	40	0	1.9374	TODO	6.47532	0.323766
4	36	0	38	0	44	0	42	0	0.432579	TODO	8.792675	0.43963375
4	36	0	38	0	46	0	44	0	0.138298	TODO	19.168022	0.9584011
4	36	0	38	0	48	0	46	0	0.054565	TODO	32.332825	1.61664125
4	36	0	38	0	50	0	48	0	0.024268	TODO	39.552216	1.9776108
4	36	0	38	0	52	0	50	0	0.012301	TODO	64.542421	3.22712105
4	36	0	40	0	56	0	52	0	0.043286	TODO	58.566996	2.9283498
4	36	0	40	0	60	0	56	0	0.028664	TODO	54.062605	2.70313025
4	36	0	42	0	60	0	54	0	0.091739	TODO	53.18879	2.6594395
4	38	0	40	0	44	0	42	0	2.59216	TODO	5.779449	0.28897245
4	38	0	40	0	46	0	44	0	0.426193	TODO	9.952556	0.4976278
4	38	0	40	0	48	0	46	0	0.125605	TODO	19.130133	0.95650665
4	38	0	40	0	50	0	48	0	0.048754	TODO	31.113474	1.5556737
4	38	0	40	0	52	0	50	0	0.022174	TODO	41.444973	2.07224865
4	38	0	40	0	54	0	52	0	0.014002	TODO	57.090254	2.8545127
4	38	0	42	0	58	0	54	0	0.053269	TODO	49.290554	2.4645277
4	38	0	42	0	62	0	58	0	0.030012	TODO	48.313057	2.41565285
4	38	0	44	0	62	0	56	0	0.10123	TODO	45.894712	2.2947356
4	40	0	42	0	46	0	44	0	2.42064	TODO	5.984004	0.2992002
4	40	0	42	0	48	0	46	0	0.425517	TODO	9.546323	0.47731615
4	40	0	42	0	50	0	48	0	0.12729	TODO	16.297747	0.81488735
4	40	0	42	0	52	0	50	0	0.052338	TODO	28.572355	1.42861775
4	40	0	42	0	54	0	52	0	0.030057	TODO	40.824656	2.0412328
4	40	0	42	0	56	0	54	0	0.021454	TODO	47.344878	2.3672439
4	40	0	44	0	60	0	56	0	0.060211	TODO	42.66868	2.133434
4	42	0	44	0	48	0	46	0	2.6371	TODO	6.367353	0.31836765
4	42	0	44	0	50	0	48	0	0.465097	TODO	8.941538	0.4470769
4	42	0	44	0	52	0	50	0	0.143204	TODO	16.120913	0.80604565
4	42	0	44	0	54	0	52	0	0.070403	TODO	26.989144	1.3494572
4	42	0	44	0	56	0	54	0	0.044924	TODO	34.428628	1.7214314
4	42	0	44	0	58	0	56	0	0.023497	TODO	41.226174	2.0613087
4	42	0	46	0	62	0	58	0	0.066481	TODO	32.491833	1.62459165
4	44	0	46	0	50	0	48	0	2.70902	TODO	7.049568	0.3524784
4	44	0	46	0	52	0	50	0	0.450838	TODO	9.821312	0.4910656
4	44	0	46	0	54	0	52	0	0.149276	TODO	14.485448	0.7242724
4	44	0	46	0	56	0	54	0	0.079126	TODO	18.335808	0.9167904
4	44	0	46	0	58	0	56	0	0.037239	TODO	23.013009	1.15065045
4	44	0	46	0	60	0	58	0	0.021973	TODO	23.556543	1.17782715
4	46	0	48	0	52	0	50	0	2.8303	TODO	7.366913	0.36834565
4	46	0	48	0	54	0	52	0	0.492793	TODO	10.180726	0.5090363
4	46	0	48	0	56	0	54	0	0.165883	TODO	9.709692	0.4854846
4	46	0	48	0	58	0	56	0	0.06681	TODO	13.028766	0.6514383
4	46	0	48	0	60	0	58	0	0.035761	TODO	12.435139	0.62175695
4	46	0	48	0	62	0	60	0	0.025181	TODO	14.195103	0.70975515
4	48	0	50	0	54	0	52	0	3.18622	TODO	7.977822	0.3988911
4	48	0	50	0	56	0	54	0	0.532578	TODO	6.858201	0.34291005
4	48	0	50	0	58	0	56	0	0.148444	TODO	9.422748	0.4711374
4	48	0	50	0	60	0	58	0	0.06695	TODO	9.13113	0.4565565
4	48	0	50	0	62	0	60	0	0.041025	TODO	11.918345	0.59591725
4	50	0	52	0	56	0	54	0	3.46352	TODO	6.82386	0.341193
4	50	0	52	0	58	0	56	0	0.524252	TODO	10.255444	0.5127722
4	50	0	52	0	60	0	58	0	0.174464	TODO	9.069623	0.45348115
4	50	0	52	0	62	0	60	0	0.082502	TODO	10.679785	0.53398925
4	52	0	54	0	58	0	56	0	3.03245	TODO	10.691688	0.5345844
4	52	0	54	0	60	0	58	0	0.638399	TODO	9.119755	0.45598775
4	52	0	54	0	62	0	60	0	0.224377	TODO	11.231481	0.56157405
4	54	0	56	0	60	0	58	0	3.61981	TODO	8.699099	0.43495495
4	54	0	56	0	62	0	60	0	0.727751	TODO	10.064501	0.50322505
4	56	0	58	0	62	0	60	0	3.26186	TODO	7.458261	0.37291305
0												
0												
0												
0												
0												
