Project4_Gradient7_1.txt
2.000000
11
15
Type of resistivity data (1=resistance,0=resistivity)
1
294
2
1
Chargeability
mV/V
0.010000	1.930000
Error estimate for data present
Type of error estimate (0=same unit as data)
0
4	0	0	18	0	2	0	4	0	4.378510	0.007600	6.440221	1.637823
4	0	0	18	0	4	0	6	0	1.768460	0.001480	10.580800	0.202003
4	0	0	18	0	6	0	8	0	1.097300	0.000460	12.420082	0.040377
4	0	0	18	0	8	0	10	0	0.927939	0.000216	11.779976	1.237701
4	0	0	18	0	10	0	12	0	1.115920	0.002260	12.929540	0.230316
4	0	0	18	0	12	0	14	0	1.739280	0.002410	11.913267	0.020691
4	0	0	18	0	14	0	16	0	6.708970	0.002900	9.537830	0.722623
4	0	0	36	0	4	0	8	0	2.416770	0.000220	11.964343	0.026066
4	0	0	36	0	8	0	12	0	1.048570	0.000500	17.003427	0.276288
4	0	0	36	0	12	0	16	0	0.850299	0.000416	8.877135	11.359004
4	0	0	36	0	16	0	20	0	0.597239	0.001177	34.697461	15.497701
4	0	0	36	0	20	0	24	0	0.568965	0.000328	14.938438	0.117142
4	0	0	36	0	24	0	28	0	0.752389	0.002105	13.378168	0.499446
4	0	0	36	0	28	0	32	0	1.331140	0.000840	13.967848	0.030672
4	0	0	54	0	6	0	12	0	1.766450	0.000580	14.755516	0.356508
4	0	0	54	0	12	0	18	0	0.990188	0.001409	18.234420	0.024610
4	0	0	54	0	18	0	24	0	0.607548	0.001750	13.332771	0.250099
4	0	0	54	0	24	0	30	0	0.651698	0.001376	8.305905	0.259638
4	0	0	54	0	30	0	36	0	0.579289	0.002490	19.708495	1.271404
4	0	0	54	0	36	0	42	0	0.336693	0.000858	50.444893	2.657857
4	0	0	54	0	42	0	48	0	0.887116	0.001484	23.925392	0.330553
4	2	0	20	0	4	0	6	0	4.733520	0.004710	7.323029	3.081930
4	2	0	20	0	6	0	8	0	1.768960	0.001670	10.445506	0.635535
4	2	0	20	0	8	0	10	0	1.087380	0.000830	12.107307	0.615226
4	2	0	20	0	10	0	12	0	1.001380	0.001740	13.158179	0.737107
4	2	0	20	0	12	0	14	0	1.077510	0.000020	13.176459	0.273710
4	2	0	20	0	14	0	16	0	1.840530	0.000210	11.450573	0.372649
4	2	0	20	0	16	0	18	0	5.106600	0.011380	11.564450	0.978842
4	2	0	38	0	6	0	10	0	2.388720	0.002910	11.611126	0.596601
4	2	0	38	0	10	0	14	0	1.089960	0.000870	17.186519	0.307613
4	2	0	38	0	14	0	18	0	0.829790	0.000321	10.246371	9.194350
4	2	0	38	0	18	0	22	0	0.555843	0.000324	27.932749	12.493042
4	2	0	38	0	22	0	26	0	0.606303	0.000550	13.218401	0.086625
4	2	0	38	0	26	0	30	0	0.747550	0.001353	11.660471	0.293500
4	2	0	38	0	30	0	34	0	1.376620	0.001310	16.931021	0.462441
4	2	0	56	0	8	0	14	0	1.785370	0.001960	14.885788	0.724153
4	2	0	56	0	14	0	20	0	0.934720	0.000113	16.784812	0.700445
4	2	0	56	0	20	0	26	0	0.623252	0.000309	11.653680	0.144460
4	2	0	56	0	26	0	32	0	0.657049	0.000055	9.628617	0.794381
4	2	0	56	0	32	0	38	0	0.450522	0.001657	29.552523	0.516767
4	2	0	56	0	38	0	44	0	0.352862	0.000544	47.753032	0.431833
4	2	0	56	0	44	0	50	0	0.888335	0.000925	17.076547	0.104531
4	4	0	22	0	6	0	8	0	4.068510	0.001150	7.235076	3.616757
4	4	0	22	0	8	0	10	0	1.613980	0.000020	10.328561	0.369834
4	4	0	22	0	10	0	12	0	1.109780	0.001180	12.599079	0.649797
4	4	0	22	0	12	0	14	0	0.974255	0.000499	13.702130	0.493182
4	4	0	22	0	14	0	16	0	1.208840	0.000400	12.203403	0.172232
4	4	0	22	0	16	0	18	0	1.443360	0.000810	11.055638	0.986908
4	4	0	22	0	18	0	20	0	5.061620	0.014500	10.021169	1.737893
4	4	0	40	0	8	0	12	0	2.221660	0.001260	11.720849	0.031422
4	4	0	40	0	12	0	16	0	1.124490	0.000650	16.436064	0.247988
4	4	0	40	0	16	0	20	0	0.683475	0.000140	4.106717	12.451839
4	4	0	40	0	20	0	24	0	0.581797	0.000349	26.713769	14.039797
4	4	0	40	0	24	0	28	0	0.682724	0.001376	10.683390	0.433190
4	4	0	40	0	28	0	32	0	0.768288	0.000413	13.570517	0.280926
4	4	0	40	0	32	0	36	0	1.350130	0.006300	19.157211	0.217741
4	4	0	58	0	10	0	16	0	1.785700	0.001780	15.023228	0.287190
4	4	0	58	0	16	0	22	0	0.788958	0.000674	15.021192	0.038111
4	4	0	58	0	22	0	28	0	0.676920	0.000798	10.447696	0.710748
4	4	0	58	0	28	0	34	0	0.612097	0.000716	13.521342	0.766097
4	4	0	58	0	34	0	40	0	0.323247	0.000699	41.397227	0.338150
4	4	0	58	0	40	0	46	0	0.384074	0.003009	40.436399	1.454778
4	4	0	58	0	46	0	52	0	1.026280	0.003450	13.758634	1.028078
4	6	0	24	0	8	0	10	0	4.465520	0.002110	6.806414	2.975882
4	6	0	24	0	10	0	12	0	1.729730	0.001820	10.510228	1.087707
4	6	0	24	0	12	0	14	0	1.109030	0.000450	13.250566	0.439864
4	6	0	24	0	14	0	16	0	1.100090	0.000120	13.028744	0.239953
4	6	0	24	0	16	0	18	0	0.945071	0.000051	11.640676	0.571593
4	6	0	24	0	18	0	20	0	1.296410	0.001990	8.610280	0.561887
4	6	0	24	0	20	0	22	0	4.687390	0.013120	9.195096	0.878096
4	6	0	42	0	10	0	14	0	2.335440	0.002110	11.650493	0.059010
4	6	0	42	0	14	0	18	0	1.115080	0.000110	14.649935	0.957044
4	6	0	42	0	18	0	22	0	0.640340	0.000731	0.493733	12.290544
4	6	0	42	0	22	0	26	0	0.634345	0.000338	23.012844	12.487024
4	6	0	42	0	26	0	30	0	0.710073	0.000481	7.906451	0.388532
4	6	0	42	0	30	0	34	0	0.819883	0.002062	18.280541	1.021157
4	6	0	42	0	34	0	38	0	1.241890	0.008580	22.096202	0.285379
4	6	0	60	0	12	0	18	0	1.776770	0.002020	14.046747	0.133696
4	6	0	60	0	18	0	24	0	0.764126	0.000018	12.838353	0.218008
4	6	0	60	0	24	0	30	0	0.684958	0.000753	9.280634	0.056398
4	6	0	60	0	30	0	36	0	0.545006	0.001633	19.756150	1.231598
4	6	0	60	0	36	0	42	0	0.271794	0.001709	49.360964	3.190957
4	6	0	60	0	42	0	48	0	0.424749	0.004762	30.944590	0.516364
4	6	0	60	0	48	0	54	0	1.275870	0.001510	13.411569	0.210381
4	8	0	26	0	10	0	12	0	5.005890	0.007430	7.336945	0.436870
4	8	0	26	0	12	0	14	0	1.791690	0.001030	11.430244	0.192462
4	8	0	26	0	14	0	16	0	1.286650	0.000470	12.729818	0.022995
4	8	0	26	0	16	0	18	0	0.881064	0.000399	12.394787	0.394750
4	8	0	26	0	18	0	20	0	0.847083	0.000199	9.664554	0.346050
4	8	0	26	0	20	0	22	0	1.353490	0.002100	7.021062	0.003412
4	8	0	26	0	22	0	24	0	4.354650	0.014570	9.749642	0.273479
4	8	0	44	0	12	0	16	0	2.559320	0.002470	11.413967	0.131086
4	8	0	44	0	16	0	20	0	0.955150	0.000501	12.846622	0.415582
4	8	0	44	0	20	0	24	0	0.680541	0.001311	-1.080623	11.297607
4	8	0	44	0	24	0	28	0	0.723038	0.000673	18.983405	10.738779
4	8	0	44	0	28	0	32	0	0.699108	0.000955	9.036484	0.133271
4	8	0	44	0	32	0	36	0	0.674217	0.002334	25.388193	0.151041
4	8	0	44	0	36	0	40	0	1.106420	0.007060	24.576412	0.217038
4	8	0	62	0	14	0	20	0	1.769840	0.002220	12.937726	0.332075
4	8	0	62	0	20	0	26	0	0.791918	0.001141	11.241555	0.115199
4	8	0	62	0	26	0	32	0	0.707611	0.001053	10.092376	0.445929
4	8	0	62	0	32	0	38	0	0.437888	0.001795	27.593293	1.162036
4	8	0	62	0	38	0	44	0	0.277260	0.002026	48.749212	1.190772
4	8	0	62	0	44	0	50	0	0.453346	0.003497	21.986197	1.125528
4	8	0	62	0	50	0	56	0	1.517770	0.002380	13.255933	0.284246
4	10	0	28	0	12	0	14	0	4.776340	0.004700	8.398897	0.472717
4	10	0	28	0	14	0	16	0	2.003920	0.000100	11.310938	0.071058
4	10	0	28	0	16	0	18	0	1.002010	0.000820	12.493302	0.288347
4	10	0	28	0	18	0	20	0	0.748089	0.000045	11.078926	0.361822
4	10	0	28	0	20	0	22	0	0.822508	0.000440	8.478320	0.030494
4	10	0	28	0	22	0	24	0	1.275790	0.000770	6.780178	0.251841
4	10	0	28	0	24	0	26	0	3.395740	0.005200	8.840742	2.858673
4	10	0	46	0	14	0	18	0	2.580740	0.001040	10.662436	0.493554
4	10	0	46	0	18	0	22	0	0.889764	0.001487	10.599610	0.113716
4	10	0	46	0	22	0	26	0	0.746711	0.001030	0.194462	8.477853
4	10	0	46	0	26	0	30	0	0.757234	0.000373	14.448391	8.344205
4	10	0	46	0	30	0	34	0	0.711400	0.000429	14.159535	0.787154
4	10	0	46	0	34	0	38	0	0.482265	0.002678	36.912467	0.949554
4	10	0	46	0	38	0	42	0	1.090020	0.008010	24.419188	0.380280
4	12	0	30	0	14	0	16	0	7.290250	0.003510	8.387032	0.229809
4	12	0	30	0	16	0	18	0	1.752560	0.001190	11.448388	0.272816
4	12	0	30	0	18	0	20	0	0.900362	0.000437	11.364095	0.265219
4	12	0	30	0	20	0	22	0	0.729139	0.000508	10.136664	0.177049
4	12	0	30	0	22	0	24	0	0.841142	0.000367	8.957302	0.208082
4	12	0	30	0	24	0	26	0	1.141470	0.000240	8.131529	0.540719
4	12	0	30	0	26	0	28	0	2.872370	0.008700	7.409726	0.913540
4	12	0	48	0	16	0	20	0	2.341230	0.000590	10.417680	0.094671
4	12	0	48	0	20	0	24	0	0.945064	0.001974	9.134883	0.283659
4	12	0	48	0	24	0	28	0	0.857827	0.003024	0.370917	6.952738
4	12	0	48	0	28	0	32	0	0.740997	0.002074	15.987900	8.433340
4	12	0	48	0	32	0	36	0	0.580617	0.000154	22.814241	0.580572
4	12	0	48	0	36	0	40	0	0.392155	0.005450	45.259041	0.981875
4	12	0	48	0	40	0	44	0	1.234560	0.012290	22.740824	0.102115
4	14	0	32	0	16	0	18	0	6.071900	0.011830	9.788341	0.366270
4	14	0	32	0	18	0	20	0	1.584430	0.001650	11.009956	0.030862
4	14	0	32	0	20	0	22	0	0.841698	0.000328	10.427129	0.088342
4	14	0	32	0	22	0	24	0	0.775107	0.000236	9.937678	0.288883
4	14	0	32	0	24	0	26	0	0.809847	0.000116	9.922900	0.308352
4	14	0	32	0	26	0	28	0	1.191950	0.002560	7.991890	0.186516
4	14	0	32	0	28	0	30	0	2.294270	0.002920	7.749142	2.658075
4	14	0	50	0	18	0	22	0	2.170820	0.001940	10.018824	0.223159
4	14	0	50	0	22	0	26	0	1.034370	0.002220	8.074077	0.045104
4	14	0	50	0	26	0	30	0	0.897880	0.003537	-0.543156	6.744906
4	14	0	50	0	30	0	34	0	0.752814	0.001537	21.289526	7.572581
4	14	0	50	0	34	0	38	0	0.405976	0.002211	36.301934	1.382124
4	14	0	50	0	38	0	42	0	0.387415	0.007278	46.812898	0.164223
4	14	0	50	0	42	0	46	0	1.303000	0.016700	20.209955	0.564754
4	16	0	34	0	18	0	20	0	6.468810	0.002660	9.771095	0.091746
4	16	0	34	0	20	0	22	0	1.485300	0.002050	10.378471	0.306390
4	16	0	34	0	22	0	24	0	0.928610	0.000184	9.542522	0.347427
4	16	0	34	0	24	0	26	0	0.768966	0.000092	10.487015	0.141146
4	16	0	34	0	26	0	28	0	0.882856	0.002032	9.436542	0.378854
4	16	0	34	0	28	0	30	0	0.938598	0.000766	9.565072	0.857957
4	16	0	34	0	30	0	32	0	2.878710	0.009340	9.871318	1.480983
4	16	0	52	0	20	0	24	0	2.187760	0.001810	9.145166	0.063269
4	16	0	52	0	24	0	28	0	1.174870	0.003170	7.221346	0.293722
4	16	0	52	0	28	0	32	0	0.866799	0.003595	0.834357	7.126699
4	16	0	52	0	32	0	36	0	0.623260	0.000846	31.458398	10.415473
4	16	0	52	0	36	0	40	0	0.325090	0.004265	47.129569	1.445223
4	16	0	52	0	40	0	44	0	0.478161	0.008374	41.189387	0.277150
4	16	0	52	0	44	0	48	0	1.374230	0.012750	15.423187	0.517474
4	18	0	36	0	20	0	22	0	5.150220	0.006080	10.155403	0.285193
4	18	0	36	0	22	0	24	0	1.450570	0.000580	9.013356	0.406835
4	18	0	36	0	24	0	26	0	0.889279	0.000330	9.285281	0.078530
4	18	0	36	0	26	0	28	0	0.869243	0.001628	8.954150	0.230257
4	18	0	36	0	28	0	30	0	0.728357	0.000817	9.667506	0.156864
4	18	0	36	0	30	0	32	0	1.119560	0.000550	13.177533	0.310093
4	18	0	36	0	32	0	34	0	2.705080	0.004550	8.329864	0.189848
4	18	0	54	0	22	0	26	0	2.117770	0.001700	7.768625	0.151022
4	18	0	54	0	26	0	30	0	1.178120	0.001560	6.053712	0.091679
4	18	0	54	0	30	0	34	0	0.855745	0.000885	12.649657	0.482118
4	18	0	54	0	34	0	38	0	0.434335	0.001168	35.350431	3.015454
4	18	0	54	0	38	0	42	0	0.303395	0.002778	50.791365	0.171596
4	18	0	54	0	42	0	46	0	0.529056	0.005232	32.481481	0.982834
4	18	0	54	0	46	0	50	0	1.455500	0.006210	10.960568	0.072270
4	20	0	38	0	22	0	24	0	5.227580	0.009280	8.844919	0.609604
4	20	0	38	0	24	0	26	0	1.372870	0.000630	7.782151	0.219717
4	20	0	38	0	26	0	28	0	1.018340	0.001640	7.144223	0.198698
4	20	0	38	0	28	0	30	0	0.731450	0.001098	7.863761	0.093716
4	20	0	38	0	30	0	32	0	0.803269	0.000087	14.115463	0.235777
4	20	0	38	0	32	0	34	0	1.070110	0.003060	15.655845	0.112197
4	20	0	38	0	34	0	36	0	2.559580	0.004010	9.287485	0.096888
4	20	0	56	0	24	0	28	0	2.143830	0.000230	6.415067	0.253278
4	20	0	56	0	28	0	32	0	1.061310	0.000940	7.590702	0.014763
4	20	0	56	0	32	0	36	0	0.688004	0.000033	19.621374	0.712016
4	20	0	56	0	36	0	40	0	0.324752	0.002011	46.653598	4.045615
4	20	0	56	0	40	0	44	0	0.344904	0.001803	45.824952	0.860298
4	20	0	56	0	44	0	48	0	0.521984	0.001505	23.352705	0.651254
4	20	0	56	0	48	0	52	0	1.568130	0.005110	10.366347	1.000873
4	22	0	40	0	24	0	26	0	4.743480	0.011240	8.881453	0.171704
4	22	0	40	0	26	0	28	0	1.585190	0.000000	5.889120	0.056082
4	22	0	40	0	28	0	30	0	0.898422	0.002565	5.714084	0.010384
4	22	0	40	0	30	0	32	0	0.790367	0.000828	12.028432	0.328253
4	22	0	40	0	32	0	34	0	0.821842	0.004884	17.749314	0.095227
4	22	0	40	0	34	0	36	0	0.945863	0.008027	18.196225	0.732822
4	22	0	40	0	36	0	38	0	2.806420	0.019940	10.424514	0.627543
4	22	0	58	0	26	0	30	0	2.213610	0.000080	5.054209	0.117781
4	22	0	58	0	30	0	34	0	1.042580	0.000380	11.696577	0.168847
4	22	0	58	0	34	0	38	0	0.479998	0.000288	29.726148	0.700333
4	22	0	58	0	38	0	42	0	0.282870	0.001059	52.464588	3.130175
4	22	0	58	0	42	0	46	0	0.376727	0.000698	36.115368	1.314382
4	22	0	58	0	46	0	50	0	0.570117	0.001308	15.381542	0.343457
4	22	0	58	0	50	0	54	0	1.960630	0.000220	11.147700	0.282298
4	24	0	42	0	26	0	28	0	4.701270	0.007990	8.646566	0.106557
4	24	0	42	0	28	0	30	0	1.389200	0.004920	4.047532	0.084765
4	24	0	42	0	30	0	32	0	0.916562	0.000374	8.985784	0.584558
4	24	0	42	0	32	0	34	0	0.785333	0.005390	16.128444	0.145365
4	24	0	42	0	34	0	36	0	0.638474	0.007466	23.949867	0.828982
4	24	0	42	0	36	0	38	0	0.895900	0.011569	20.903552	0.397548
4	24	0	42	0	38	0	40	0	3.390550	0.009910	9.689526	0.026397
4	24	0	60	0	28	0	32	0	2.003500	0.001980	4.973577	0.245626
4	24	0	60	0	32	0	36	0	0.869465	0.001074	16.900978	0.214961
4	24	0	60	0	36	0	40	0	0.358184	0.000539	39.771014	0.390393
4	24	0	60	0	40	0	44	0	0.320426	0.000689	47.326912	2.525500
4	24	0	60	0	44	0	48	0	0.391744	0.001001	25.237256	0.942714
4	24	0	60	0	48	0	52	0	0.687389	0.001428	12.055608	0.849929
4	24	0	60	0	52	0	56	0	2.300500	0.001770	11.323216	0.928745
4	26	0	44	0	28	0	30	0	3.679200	0.005470	5.225727	0.597037
4	26	0	44	0	30	0	32	0	1.282530	0.000270	6.299089	0.468345
4	26	0	44	0	32	0	34	0	0.874711	0.005879	12.702034	0.331657
4	26	0	44	0	34	0	36	0	0.544184	0.006469	24.756282	0.775624
4	26	0	44	0	36	0	38	0	0.499552	0.007773	31.647684	0.405529
4	26	0	44	0	38	0	40	0	0.818627	0.009826	21.912933	0.625177
4	26	0	44	0	40	0	42	0	3.241710	0.014040	9.641488	0.331959
4	26	0	62	0	30	0	34	0	1.847500	0.001190	7.840525	0.119612
4	26	0	62	0	34	0	38	0	0.614119	0.001047	26.446714	0.540371
4	26	0	62	0	38	0	42	0	0.304189	0.001089	45.912785	0.042164
4	26	0	62	0	42	0	46	0	0.349914	0.000013	38.131323	0.277099
4	26	0	62	0	46	0	50	0	0.436435	0.000179	16.177130	0.537829
4	26	0	62	0	50	0	54	0	0.880580	0.001714	12.327716	0.829163
4	26	0	62	0	54	0	58	0	2.096230	0.001210	10.434940	0.097965
4	28	0	46	0	30	0	32	0	3.005740	0.006890	5.416540	0.391944
4	28	0	46	0	32	0	34	0	1.241940	0.006620	8.805783	0.385775
4	28	0	46	0	34	0	36	0	0.607440	0.007460	20.865420	0.834365
4	28	0	46	0	36	0	38	0	0.417604	0.007464	34.399017	0.404328
4	28	0	46	0	38	0	40	0	0.419214	0.007965	35.291607	0.781693
4	28	0	46	0	40	0	42	0	0.841139	0.012504	21.804602	1.077185
4	28	0	46	0	42	0	44	0	3.595850	0.011190	9.813288	0.327961
4	30	0	48	0	32	0	34	0	2.632100	0.008060	5.679934	0.462034
4	30	0	48	0	34	0	36	0	0.849902	0.010484	15.172953	0.951932
4	30	0	48	0	36	0	38	0	0.452701	0.009195	31.001289	0.922885
4	30	0	48	0	38	0	40	0	0.328106	0.008131	41.156171	0.511488
4	30	0	48	0	40	0	42	0	0.437516	0.011686	35.055704	1.254676
4	30	0	48	0	42	0	44	0	0.971217	0.018939	19.816346	0.940935
4	30	0	48	0	44	0	46	0	3.643610	0.021150	9.370861	0.103231
4	32	0	50	0	34	0	36	0	2.634270	0.015620	8.240729	0.943223
4	32	0	50	0	36	0	38	0	0.798713	0.011532	20.767495	0.910207
4	32	0	50	0	38	0	40	0	0.386438	0.008830	36.711812	1.999671
4	32	0	50	0	40	0	42	0	0.367127	0.011135	41.130263	1.187456
4	32	0	50	0	42	0	44	0	0.546507	0.017547	30.604964	1.232340
4	32	0	50	0	44	0	46	0	0.958173	0.021905	16.484193	0.521532
4	32	0	50	0	46	0	48	0	3.837040	0.017540	8.554289	0.200398
4	34	0	52	0	36	0	38	0	2.461740	0.011510	8.893840	0.412251
4	34	0	52	0	38	0	40	0	0.670707	0.007582	23.445386	1.454724
4	34	0	52	0	40	0	42	0	0.447556	0.008954	36.205210	0.611537
4	34	0	52	0	42	0	44	0	0.487578	0.013174	34.900688	1.060152
4	34	0	52	0	44	0	46	0	0.552115	0.016217	23.629257	0.421730
4	34	0	52	0	46	0	48	0	1.034860	0.017160	12.537403	0.520461
4	34	0	52	0	48	0	50	0	4.263690	0.013540	7.178043	0.367573
4	36	0	54	0	38	0	40	0	2.297890	0.004770	9.240243	0.750889
4	36	0	54	0	40	0	42	0	0.769671	0.006618	23.067689	0.340554
4	36	0	54	0	42	0	44	0	0.584252	0.007947	31.126224	0.322821
4	36	0	54	0	44	0	46	0	0.476463	0.009808	27.654710	0.037992
4	36	0	54	0	46	0	48	0	0.579377	0.009620	16.926663	0.202867
4	36	0	54	0	48	0	50	0	1.099570	0.006090	9.096050	0.403901
4	36	0	54	0	50	0	52	0	4.661090	0.004590	7.556992	0.075586
4	38	0	56	0	40	0	42	0	2.687400	0.002340	10.705192	0.145652
4	38	0	56	0	42	0	44	0	0.973459	0.006835	20.996786	0.681214
4	38	0	56	0	44	0	46	0	0.539203	0.006549	26.547847	0.704541
4	38	0	56	0	46	0	48	0	0.472216	0.005850	20.835001	0.493830
4	38	0	56	0	48	0	50	0	0.592804	0.003576	12.169799	0.342707
4	38	0	56	0	50	0	52	0	1.210070	0.002300	9.645679	0.997045
4	38	0	56	0	52	0	54	0	4.500950	0.014760	9.331818	1.514172
4	40	0	58	0	42	0	44	0	3.536330	0.010280	9.719134	0.448876
4	40	0	58	0	44	0	46	0	0.927515	0.008303	18.875269	0.751935
4	40	0	58	0	46	0	48	0	0.532461	0.004949	21.312662	0.038589
4	40	0	58	0	48	0	50	0	0.494248	0.002255	15.201177	0.990491
4	40	0	58	0	50	0	52	0	0.709951	0.000485	11.603770	0.183811
4	40	0	58	0	52	0	54	0	1.499200	0.001720	11.344754	0.202787
4	40	0	58	0	54	0	56	0	5.287170	0.005740	8.950478	0.678679
4	42	0	60	0	44	0	46	0	3.325230	0.006470	9.312747	0.139440
4	42	0	60	0	46	0	48	0	0.923075	0.005775	16.026009	0.343285
4	42	0	60	0	48	0	50	0	0.554689	0.002401	16.162475	0.617914
4	42	0	60	0	50	0	52	0	0.586525	0.000599	13.684015	0.358918
4	42	0	60	0	52	0	54	0	0.888546	0.000250	13.774831	0.100007
4	42	0	60	0	54	0	56	0	1.683700	0.001700	11.372493	1.056121
4	42	0	60	0	56	0	58	0	4.608070	0.007310	8.477097	0.213361
4	44	0	62	0	46	0	48	0	3.535680	0.008470	8.763159	0.094802
4	44	0	62	0	48	0	50	0	0.978865	0.003352	12.909514	0.625885
4	44	0	62	0	50	0	52	0	0.646580	0.002111	14.437670	0.308472
4	44	0	62	0	52	0	54	0	0.733593	0.000920	15.706478	0.009116
4	44	0	62	0	54	0	56	0	1.001160	0.001630	13.848187	1.522770
4	44	0	62	0	56	0	58	0	1.368180	0.000150	10.981630	0.152636
4	44	0	62	0	58	0	60	0	4.758840	0.004050	6.378942	0.001193
0
0
0
0
0
