DDN6_Hod
5
11
15
Type of measurement (0=app.resistivity,1=resistance)
1
1392
2
0
4	0	0	300	0	120	0	150	0	0.807554492051846
4	0	0	300	0	150	0	180	0	0.191044348943275
4	0	0	300	0	90	0	120	0	1.14877029678527
4	0	0	300	0	60	0	90	0	0.731165087103203
4	0	0	300	0	240	0	270	0	0.516542371488302
4	0	0	300	0	30	0	60	0	0.803276543544467
4	0	0	300	0	180	0	210	0	0.302101027163843
4	0	0	300	0	210	0	240	0	0.31631376877036
4	5	0	305	0	125	0	155	0	0.688716525628247
4	5	0	305	0	155	0	185	0	0.198314137552238
4	5	0	305	0	95	0	125	0	1.38340324473444
4	5	0	305	0	65	0	95	0	0.678802798030316
4	5	0	305	0	245	0	275	0	0.561287617519527
4	5	0	305	0	35	0	65	0	1.01391612565155
4	5	0	305	0	185	0	215	0	0.311520686609574
4	5	0	305	0	215	0	245	0	0.301505594398916
4	10	0	310	0	100	0	130	0	1.62756400249119
4	10	0	310	0	130	0	160	0	0.506441900662946
4	10	0	310	0	70	0	100	0	0.626376214364708
4	10	0	310	0	40	0	70	0	1.26053950287241
4	10	0	310	0	190	0	220	0	0.316007667652562
4	10	0	310	0	160	0	190	0	0.203645465136664
4	10	0	310	0	220	0	250	0	0.300915544792079
4	10	0	310	0	250	0	280	0	0.618687545763281
4	15	0	315	0	105	0	135	0	1.74409050909992
4	15	0	315	0	135	0	165	0	0.308783110303811
4	15	0	315	0	75	0	105	0	0.629475398418962
4	15	0	315	0	45	0	75	0	1.471192429696
4	15	0	315	0	195	0	225	0	0.300971070580209
4	15	0	315	0	165	0	195	0	0.211489845137995
4	15	0	315	0	225	0	255	0	0.297352682598959
4	15	0	315	0	255	0	285	0	0.636962824521209
4	0	0	250	0	125	0	150	0	0.70860463021228
4	0	0	250	0	150	0	175	0	0.208265506061771
4	0	0	250	0	100	0	125	0	1.31284723173042
4	0	0	250	0	75	0	100	0	0.347803950164889
4	0	0	250	0	50	0	75	0	0.806503939271086
4	0	0	250	0	175	0	200	0	0.329870103926309
4	0	0	250	0	25	0	50	0	0.786581965937279
4	0	0	250	0	200	0	225	0	0.58691778312669
4	5	0	255	0	130	0	155	0	0.519979678417105
4	5	0	255	0	155	0	180	0	0.217848663582501
4	5	0	255	0	105	0	130	0	1.48765102870838
4	5	0	255	0	80	0	105	0	0.450824122066051
4	5	0	255	0	30	0	55	0	0.915065093011184
4	5	0	255	0	180	0	205	0	0.3834549384102
4	5	0	255	0	205	0	230	0	0.542092017013147
4	5	0	255	0	55	0	80	0	0.937371058993807
4	10	0	260	0	110	0	135	0	1.48617380423643
4	10	0	260	0	135	0	160	0	0.328251617111574
4	10	0	260	0	85	0	110	0	0.763306957596446
4	10	0	260	0	60	0	85	0	0.978388586074087
4	10	0	260	0	210	0	235	0	0.512456820624386
4	10	0	260	0	35	0	60	0	0.993234051907535
4	10	0	260	0	160	0	185	0	0.234355328475056
4	10	0	260	0	185	0	210	0	0.406860075313974
4	15	0	265	0	115	0	140	0	1.2141313058084
4	15	0	265	0	140	0	165	0	0.239842583430501
4	15	0	265	0	90	0	115	0	1.207798668978
4	15	0	265	0	65	0	90	0	0.810214041871465
4	15	0	265	0	215	0	240	0	0.476706709276725
4	15	0	265	0	40	0	65	0	1.17639811785181
4	15	0	265	0	165	0	190	0	0.249066721098197
4	15	0	265	0	190	0	215	0	0.420934374222746
4	20	0	270	0	120	0	145	0	1.01271818523136
4	20	0	270	0	145	0	170	0	0.213333194046312
4	20	0	270	0	95	0	120	0	1.49809700663295
4	20	0	270	0	70	0	95	0	0.644973275181184
4	20	0	270	0	220	0	245	0	0.475905446866329
4	20	0	270	0	45	0	70	0	1.43612812590522
4	20	0	270	0	170	0	195	0	0.263329378928848
4	20	0	270	0	195	0	220	0	0.425356340980209
4	25	0	275	0	125	0	150	0	0.839338128613189
4	25	0	275	0	150	0	175	0	0.201166038993973
4	25	0	275	0	100	0	125	0	1.69002680126492
4	25	0	275	0	75	0	100	0	0.541064329347995
4	25	0	275	0	225	0	250	0	0.499229897434138
4	25	0	275	0	50	0	75	0	1.62306634339712
4	25	0	275	0	175	0	200	0	0.271977489251751
4	25	0	275	0	200	0	225	0	0.402022458047632
4	30	0	280	0	130	0	155	0	0.594792170321256
4	30	0	280	0	155	0	180	0	0.203872976363368
4	30	0	280	0	105	0	130	0	1.85422431389717
4	30	0	280	0	80	0	105	0	0.616494796390487
4	30	0	280	0	205	0	230	0	0.361536800943376
4	30	0	280	0	180	0	205	0	0.311598588162618
4	30	0	280	0	230	0	255	0	0.494666488622619
4	30	0	280	0	55	0	80	0	1.78064168561343
4	35	0	285	0	110	0	135	0	1.81170254208609
4	35	0	285	0	135	0	160	0	0.359969342595359
4	35	0	285	0	85	0	110	0	0.983702294031146
4	35	0	285	0	60	0	85	0	1.85901912757553
4	35	0	285	0	185	0	210	0	0.325523632607122
4	35	0	285	0	235	0	260	0	0.491709549457487
4	35	0	285	0	160	0	185	0	0.214570905591233
4	35	0	285	0	210	0	235	0	0.332743458849894
4	40	0	290	0	115	0	140	0	1.45910028962839
4	40	0	290	0	140	0	165	0	0.255184205625127
4	40	0	290	0	90	0	115	0	1.54079342522179
4	40	0	290	0	65	0	90	0	1.54290761976267
4	40	0	290	0	190	0	215	0	0.338881672635358
4	40	0	290	0	165	0	190	0	0.226647597376645
4	40	0	290	0	215	0	240	0	0.309642244160729
4	40	0	290	0	240	0	265	0	0.524768265018104
4	45	0	295	0	120	0	145	0	1.19810174429095
4	45	0	295	0	145	0	170	0	0.220853293405946
4	45	0	295	0	95	0	120	0	1.89226900435093
4	45	0	295	0	70	0	95	0	1.1917025823369
4	45	0	295	0	195	0	220	0	0.339868521655795
4	45	0	295	0	170	0	195	0	0.235969253177219
4	45	0	295	0	220	0	245	0	0.299833878256437
4	45	0	295	0	245	0	270	0	0.529772915405401
4	50	0	300	0	125	0	150	0	0.999367696898865
4	50	0	300	0	150	0	175	0	0.201885120726991
4	50	0	300	0	100	0	125	0	2.17466996580347
4	50	0	300	0	75	0	100	0	0.978006190146388
4	50	0	300	0	200	0	225	0	0.322198108460955
4	50	0	300	0	175	0	200	0	0.241685840036986
4	50	0	300	0	225	0	250	0	0.311380973685091
4	50	0	300	0	250	0	275	0	0.572997908502689
4	55	0	305	0	130	0	155	0	0.701995023815091
4	55	0	305	0	155	0	180	0	0.202553421313852
4	55	0	305	0	105	0	130	0	2.39523475702316
4	55	0	305	0	80	0	105	0	0.977689651917939
4	55	0	305	0	205	0	230	0	0.289059673551348
4	55	0	305	0	180	0	205	0	0.273454525972994
4	55	0	305	0	230	0	255	0	0.308297054010375
4	55	0	305	0	255	0	280	0	0.63846286209061
4	60	0	310	0	110	0	135	0	2.37190366407273
4	60	0	310	0	135	0	160	0	0.420085359390081
4	60	0	310	0	85	0	110	0	1.46154703609082
4	60	0	310	0	160	0	185	0	0.209684953406263
4	60	0	310	0	210	0	235	0	0.265007890623879
4	60	0	310	0	185	0	210	0	0.285474703753011
4	60	0	310	0	235	0	260	0	0.30792797806617
4	60	0	310	0	260	0	285	0	0.701809234526459
4	65	0	315	0	115	0	140	0	2.05550035085043
4	65	0	315	0	140	0	165	0	0.304852659504439
4	65	0	315	0	90	0	115	0	2.49992421673224
4	65	0	315	0	165	0	190	0	0.225024472821914
4	65	0	315	0	215	0	240	0	0.242555437613349
4	65	0	315	0	190	0	215	0	0.298659040559109
4	65	0	315	0	240	0	265	0	0.316826796355037
4	65	0	315	0	265	0	290	0	0.715632339157894
4	0	0	200	0	120	0	140	0	1.07074434999924
4	0	0	200	0	140	0	160	0	0.333551205537997
4	0	0	200	0	100	0	120	0	1.35192032450636
4	0	0	200	0	80	0	100	0	0.287989200135107
4	0	0	200	0	40	0	60	0	0.49820314096398
4	0	0	200	0	160	0	180	0	0.523904761085963
4	0	0	200	0	20	0	40	0	0.790065547009573
4	0	0	200	0	60	0	80	0	0.71746196210037
4	5	0	205	0	125	0	145	0	0.879525625169985
4	5	0	205	0	145	0	165	0	0.290333209381961
4	5	0	205	0	105	0	125	0	1.45054517259555
4	5	0	205	0	85	0	105	0	0.444273829578855
4	5	0	205	0	45	0	65	0	0.726363232482705
4	5	0	205	0	165	0	185	0	0.550989313254073
4	5	0	205	0	25	0	45	0	0.936425348247902
4	5	0	205	0	65	0	85	0	0.639599644869916
4	10	0	210	0	130	0	150	0	0.629937709890263
4	10	0	210	0	150	0	170	0	0.260459662602189
4	10	0	210	0	110	0	130	0	1.43851023268684
4	10	0	210	0	90	0	110	0	0.816614431134106
4	10	0	210	0	50	0	70	0	0.932797894723171
4	10	0	210	0	170	0	190	0	0.562326510990603
4	10	0	210	0	30	0	50	0	1.03811781734624
4	10	0	210	0	70	0	90	0	0.493943954595777
4	15	0	215	0	135	0	155	0	0.373652570230167
4	15	0	215	0	155	0	175	0	0.273456101286838
4	15	0	215	0	115	0	135	0	1.26155607296779
4	15	0	215	0	95	0	115	0	1.26772984762182
4	15	0	215	0	55	0	75	0	1.09966547547154
4	15	0	215	0	175	0	195	0	0.54536570222429
4	15	0	215	0	35	0	55	0	0.983823756511658
4	15	0	215	0	75	0	95	0	0.362387335371724
4	20	0	220	0	120	0	140	0	1.08524678660067
4	20	0	220	0	140	0	160	0	0.273022881215876
4	20	0	220	0	100	0	120	0	1.50756400202856
4	20	0	220	0	80	0	100	0	0.359866031574578
4	20	0	220	0	40	0	60	0	1.03389777584674
4	20	0	220	0	160	0	180	0	0.28461445598134
4	20	0	220	0	180	0	200	0	0.547965447470205
4	20	0	220	0	60	0	80	0	1.14190966270746
4	25	0	225	0	125	0	145	0	0.885852458367111
4	25	0	225	0	145	0	165	0	0.241547806021223
4	25	0	225	0	105	0	125	0	1.61083716142286
4	25	0	225	0	85	0	105	0	0.518609610934163
4	25	0	225	0	45	0	65	0	1.33986672338694
4	25	0	225	0	165	0	185	0	0.31869918036786
4	25	0	225	0	185	0	205	0	0.645093519056952
4	25	0	225	0	65	0	85	0	0.965596095622459
4	30	0	230	0	130	0	150	0	0.628362700247924
4	30	0	230	0	150	0	170	0	0.206729975816878
4	30	0	230	0	110	0	130	0	1.57173615367309
4	30	0	230	0	90	0	110	0	0.930622007408914
4	30	0	230	0	50	0	70	0	1.59900795380462
4	30	0	230	0	170	0	190	0	0.329445266002677
4	30	0	230	0	190	0	210	0	0.661105787066626
4	30	0	230	0	70	0	90	0	0.721996863246721
4	35	0	235	0	135	0	155	0	0.367639350588559
4	35	0	235	0	155	0	175	0	0.219718974920475
4	35	0	235	0	115	0	135	0	1.38523116344487
4	35	0	235	0	95	0	115	0	1.46938250615474
4	35	0	235	0	55	0	75	0	1.97528527861974
4	35	0	235	0	175	0	195	0	0.33021580119374
4	35	0	235	0	195	0	215	0	0.67292849837472
4	35	0	235	0	75	0	95	0	0.526807986199174
4	40	0	240	0	120	0	140	0	1.19288035506507
4	40	0	240	0	140	0	160	0	0.266017117153799
4	40	0	240	0	100	0	120	0	1.76010860763612
4	40	0	240	0	80	0	100	0	0.475106307792752
4	40	0	240	0	180	0	200	0	0.344037333799221
4	40	0	240	0	160	0	180	0	0.22772953446708
4	40	0	240	0	200	0	220	0	0.648267865923654
4	40	0	240	0	60	0	80	0	2.09947785623099
4	45	0	245	0	125	0	145	0	0.96262125239304
4	45	0	245	0	145	0	165	0	0.235025865301824
4	45	0	245	0	105	0	125	0	1.87825723767319
4	45	0	245	0	85	0	105	0	0.641485646323311
4	45	0	245	0	185	0	205	0	0.401490156301897
4	45	0	245	0	165	0	185	0	0.25446353963338
4	45	0	245	0	205	0	225	0	0.551014793083833
4	45	0	245	0	65	0	85	0	1.79545439736976
4	50	0	250	0	130	0	150	0	0.689246415708473
4	50	0	250	0	150	0	170	0	0.193836051309735
4	50	0	250	0	110	0	130	0	1.85115553913109
4	50	0	250	0	90	0	110	0	1.15484876753586
4	50	0	250	0	190	0	210	0	0.428756111791399
4	50	0	250	0	170	0	190	0	0.266961362181244
4	50	0	250	0	210	0	230	0	0.525844236940986
4	50	0	250	0	70	0	90	0	1.46606321909861
4	55	0	255	0	135	0	155	0	0.39722870331252
4	55	0	255	0	155	0	175	0	0.200134163256212
4	55	0	255	0	115	0	135	0	1.61621393240174
4	55	0	255	0	95	0	115	0	1.81577657778396
4	55	0	255	0	195	0	215	0	0.444635226311417
4	55	0	255	0	175	0	195	0	0.266338712653381
4	55	0	255	0	215	0	235	0	0.494112590780609
4	55	0	255	0	75	0	95	0	1.00640522910275
4	60	0	260	0	120	0	140	0	1.42260999234205
4	60	0	260	0	140	0	160	0	0.284366479696706
4	60	0	260	0	100	0	120	0	2.25504961934041
4	60	0	260	0	80	0	100	0	0.859975137561932
4	60	0	260	0	180	0	200	0	0.278459176709749
4	60	0	260	0	220	0	240	0	0.487691986475125
4	60	0	260	0	160	0	180	0	0.209128302070151
4	60	0	260	0	200	0	220	0	0.436726989244435
4	65	0	265	0	125	0	145	0	1.23516241343719
4	65	0	265	0	145	0	165	0	0.256605485162577
4	65	0	265	0	105	0	125	0	2.66158431925275
4	65	0	265	0	85	0	105	0	1.14847953000959
4	65	0	265	0	185	0	205	0	0.325925489929665
4	65	0	265	0	225	0	245	0	0.488945600011984
4	65	0	265	0	165	0	185	0	0.238303111348574
4	65	0	265	0	205	0	225	0	0.368321368896857
4	70	0	270	0	130	0	150	0	0.922145967498058
4	70	0	270	0	150	0	170	0	0.213870798152797
4	70	0	270	0	110	0	130	0	2.79344178816872
4	70	0	270	0	90	0	110	0	2.07440951287311
4	70	0	270	0	190	0	210	0	0.358064431827094
4	70	0	270	0	230	0	250	0	0.505898102823795
4	70	0	270	0	170	0	190	0	0.256681112267444
4	70	0	270	0	210	0	230	0	0.35228426172274
4	75	0	275	0	135	0	155	0	0.534355826443258
4	75	0	275	0	155	0	175	0	0.223852091166335
4	75	0	275	0	115	0	135	0	2.53174598981306
4	75	0	275	0	95	0	115	0	3.38362480312171
4	75	0	275	0	195	0	215	0	0.37808454423722
4	75	0	275	0	235	0	255	0	0.518624281611519
4	75	0	275	0	175	0	195	0	0.257999568373419
4	75	0	275	0	215	0	235	0	0.326767442559348
4	80	0	280	0	120	0	140	0	2.21861457986003
4	80	0	280	0	140	0	160	0	0.371182404219915
4	80	0	280	0	100	0	120	0	4.19166820068734
4	80	0	280	0	160	0	180	0	0.223508613730524
4	80	0	280	0	200	0	220	0	0.370108129702636
4	80	0	280	0	180	0	200	0	0.264669488840325
4	80	0	280	0	220	0	240	0	0.311451750640335
4	80	0	280	0	240	0	260	0	0.509933604038184
4	85	0	285	0	125	0	145	0	1.79981897037395
4	85	0	285	0	145	0	165	0	0.310632949226229
4	85	0	285	0	105	0	125	0	4.55503179356541
4	85	0	285	0	165	0	185	0	0.244930444440013
4	85	0	285	0	205	0	225	0	0.309851704510573
4	85	0	285	0	185	0	205	0	0.300560018178411
4	85	0	285	0	225	0	245	0	0.315895606492965
4	85	0	285	0	245	0	265	0	0.549774402068423
4	90	0	290	0	130	0	150	0	1.24000482414083
4	90	0	290	0	150	0	170	0	0.237781299773698
4	90	0	290	0	110	0	130	0	4.35022615390283
4	90	0	290	0	170	0	190	0	0.25318413040974
4	90	0	290	0	210	0	230	0	0.286080638863835
4	90	0	290	0	190	0	210	0	0.319912008914603
4	90	0	290	0	230	0	250	0	0.314163745775965
4	90	0	290	0	250	0	270	0	0.547440106812507
4	95	0	295	0	135	0	155	0	0.713978376165519
4	95	0	295	0	155	0	175	0	0.231663188246797
4	95	0	295	0	115	0	135	0	4.07868371290461
4	95	0	295	0	175	0	195	0	0.249860087293627
4	95	0	295	0	215	0	235	0	0.260370557094132
4	95	0	295	0	195	0	215	0	0.33499262402722
4	95	0	295	0	235	0	255	0	0.318605377126675
4	95	0	295	0	255	0	275	0	0.599005452685358
4	100	0	300	0	120	0	140	0	4.23237126887335
4	100	0	300	0	140	0	160	0	0.518145555106834
4	100	0	300	0	160	0	180	0	0.243725225135814
4	100	0	300	0	180	0	200	0	0.261073858539698
4	100	0	300	0	220	0	240	0	0.249189304545231
4	100	0	300	0	200	0	220	0	0.335684566576587
4	100	0	300	0	240	0	260	0	0.319177382644183
4	100	0	300	0	260	0	280	0	0.681404944837414
4	105	0	305	0	125	0	145	0	4.58542734890658
4	105	0	305	0	145	0	165	0	0.483878380599954
4	105	0	305	0	165	0	185	0	0.290355811266659
4	105	0	305	0	185	0	205	0	0.309880994390001
4	105	0	305	0	225	0	245	0	0.258288702562886
4	105	0	305	0	205	0	225	0	0.29401695230478
4	105	0	305	0	245	0	265	0	0.34550036886605
4	105	0	305	0	265	0	285	0	0.724165817647578
4	110	0	310	0	130	0	150	0	4.65576674752797
4	110	0	310	0	150	0	170	0	0.454191454197479
4	110	0	310	0	170	0	190	0	0.352578114696342
4	110	0	310	0	190	0	210	0	0.366263679232918
4	110	0	310	0	230	0	250	0	0.267257387462338
4	110	0	310	0	210	0	230	0	0.293689511597358
4	110	0	310	0	250	0	270	0	0.354387231001433
4	110	0	310	0	270	0	290	0	0.806127330906925
4	115	0	315	0	135	0	155	0	3.18269493319928
4	115	0	315	0	155	0	175	0	0.494695180162931
4	115	0	315	0	175	0	195	0	0.396215083486127
4	115	0	315	0	195	0	215	0	0.423100921810772
4	115	0	315	0	235	0	255	0	0.276751086047772
4	115	0	315	0	215	0	235	0	0.283994065974615
4	115	0	315	0	255	0	275	0	0.380512616378279
4	115	0	315	0	275	0	295	0	0.818838943266132
4	0	0	150	0	120	0	135	0	2.24160867506099
4	0	0	150	0	90	0	105	0	0.572874210276082
4	0	0	150	0	60	0	75	0	0.689129753341346
4	0	0	150	0	30	0	45	0	0.488321311212046
4	0	0	150	0	105	0	120	0	1.85871147574849
4	0	0	150	0	75	0	90	0	0.255939047855342
4	0	0	150	0	45	0	60	0	0.422136044708787
4	0	0	150	0	15	0	30	0	0.792278165684874
4	150	0	300	0	165	0	180	0	0.839239859068221
4	150	0	300	0	180	0	195	0	0.584507035767883
4	150	0	300	0	195	0	210	0	0.565967564806908
4	150	0	300	0	210	0	225	0	0.392937337321524
4	150	0	300	0	240	0	255	0	0.318391228899928
4	150	0	300	0	255	0	270	0	0.390163043717966
4	150	0	300	0	270	0	285	0	0.815708896549545
4	150	0	300	0	225	0	240	0	0.312105715738934
4	5	0	155	0	125	0	140	0	1.73222243845581
4	5	0	155	0	110	0	125	0	1.63479902116596
4	5	0	155	0	95	0	110	0	1.00540423021798
4	5	0	155	0	80	0	95	0	0.229047282563458
4	5	0	155	0	50	0	65	0	0.604251188519977
4	5	0	155	0	35	0	50	0	0.535493165936819
4	5	0	155	0	20	0	35	0	0.981273761346067
4	5	0	155	0	65	0	80	0	0.636059642714672
4	155	0	305	0	170	0	185	0	0.882298061130083
4	155	0	305	0	185	0	200	0	0.53462940069084
4	155	0	305	0	200	0	215	0	0.570912909307959
4	155	0	305	0	215	0	230	0	0.350616082157478
4	155	0	305	0	245	0	260	0	0.309022138813543
4	155	0	305	0	260	0	275	0	0.437298433291939
4	155	0	305	0	275	0	290	0	0.846882321457196
4	155	0	305	0	230	0	245	0	0.287666174787679
4	10	0	160	0	130	0	145	0	1.10349097595411
4	10	0	160	0	115	0	130	0	1.44518960699763
4	10	0	160	0	100	0	115	0	1.51594885920621
4	10	0	160	0	85	0	100	0	0.319476974311859
4	10	0	160	0	55	0	70	0	0.821628329562123
4	10	0	160	0	40	0	55	0	0.586037338058673
4	10	0	160	0	25	0	40	0	1.12528947931957
4	10	0	160	0	70	0	85	0	0.497412274648167
4	160	0	310	0	175	0	190	0	0.822301839158174
4	160	0	310	0	190	0	205	0	0.594716266834477
4	160	0	310	0	205	0	220	0	0.483722047853796
4	160	0	310	0	220	0	235	0	0.313503732953083
4	160	0	310	0	250	0	265	0	0.318965457834849
4	160	0	310	0	265	0	280	0	0.479336936955775
4	160	0	310	0	280	0	295	0	0.877407147839696
4	160	0	310	0	235	0	250	0	0.28923168105862
4	15	0	165	0	135	0	150	0	0.706405096804714
4	15	0	165	0	120	0	135	0	1.45822105563155
4	15	0	165	0	105	0	120	0	1.68513627602173
4	15	0	165	0	90	0	105	0	0.558317424346632
4	15	0	165	0	60	0	75	0	0.95179421449189
4	15	0	165	0	45	0	60	0	0.687330163768479
4	15	0	165	0	30	0	45	0	1.06737124928733
4	15	0	165	0	75	0	90	0	0.318023101484391
4	165	0	315	0	180	0	195	0	0.76362863294006
4	165	0	315	0	195	0	210	0	0.616703860264441
4	165	0	315	0	210	0	225	0	0.405029326835693
4	165	0	315	0	225	0	240	0	0.300513046720727
4	165	0	315	0	240	0	255	0	0.28008659891442
4	165	0	315	0	255	0	270	0	0.305943757353827
4	165	0	315	0	270	0	285	0	0.508771375485408
4	165	0	315	0	285	0	300	0	0.839519887723208
4	20	0	170	0	140	0	155	0	0.557942585433477
4	20	0	170	0	110	0	125	0	1.54782820589656
4	20	0	170	0	80	0	95	0	0.25953034367973
4	20	0	170	0	50	0	65	0	0.879311346501245
4	20	0	170	0	125	0	140	0	1.28388656487067
4	20	0	170	0	95	0	110	0	1.00492876019129
4	20	0	170	0	65	0	80	0	0.837490082904498
4	20	0	170	0	35	0	50	0	1.0113084653916
4	25	0	175	0	130	0	145	0	0.838741741440323
4	25	0	175	0	115	0	130	0	1.34353877211508
4	25	0	175	0	100	0	115	0	1.51590059878439
4	25	0	175	0	85	0	100	0	0.336295343908135
4	25	0	175	0	145	0	160	0	0.554714856456694
4	25	0	175	0	55	0	70	0	1.12384059909055
4	25	0	175	0	40	0	55	0	1.02055258979685
4	25	0	175	0	70	0	85	0	0.634625581676157
4	30	0	180	0	135	0	150	0	0.515665351026734
4	30	0	180	0	120	0	135	0	1.32868249864244
4	30	0	180	0	105	0	120	0	1.68887932989501
4	30	0	180	0	90	0	105	0	0.580776094446223
4	30	0	180	0	150	0	165	0	0.469281063307306
4	30	0	180	0	60	0	75	0	1.30698331732603
4	30	0	180	0	45	0	60	0	1.20103835557374
4	30	0	180	0	75	0	90	0	0.403464419594002
4	35	0	185	0	140	0	155	0	0.369156404166247
4	35	0	185	0	125	0	140	0	1.15012997547282
4	35	0	185	0	95	0	110	0	1.04420109810021
4	35	0	185	0	65	0	80	0	1.20693950840089
4	35	0	185	0	110	0	125	0	1.55222426173555
4	35	0	185	0	80	0	95	0	0.311007655567423
4	35	0	185	0	155	0	170	0	0.456247090271498
4	35	0	185	0	50	0	65	0	1.5803079724444
4	40	0	190	0	130	0	145	0	0.714953692942319
4	40	0	190	0	115	0	130	0	1.33470623634909
4	40	0	190	0	100	0	115	0	1.59209276655764
4	40	0	190	0	85	0	100	0	0.376865940574038
4	40	0	190	0	145	0	160	0	0.399204426100316
4	40	0	190	0	55	0	70	0	1.98742486260829
4	40	0	190	0	160	0	175	0	0.521743361286796
4	40	0	190	0	70	0	85	0	0.915638260791142
4	45	0	195	0	135	0	150	0	0.449587591428738
4	45	0	195	0	120	0	135	0	1.30596645968006
4	45	0	195	0	105	0	120	0	1.78162413732943
4	45	0	195	0	90	0	105	0	0.638681989469422
4	45	0	195	0	150	0	165	0	0.284901740655237
4	45	0	195	0	60	0	75	0	2.34369085554078
4	45	0	195	0	165	0	180	0	0.585073314639596
4	45	0	195	0	75	0	90	0	0.568119313222817
4	50	0	200	0	140	0	155	0	0.316128424264266
4	50	0	200	0	125	0	140	0	1.13763774346466
4	50	0	200	0	95	0	110	0	1.15284704439677
4	50	0	200	0	65	0	80	0	2.44778672018073
4	50	0	200	0	170	0	185	0	0.651536687848547
4	50	0	200	0	110	0	125	0	1.65633119965133
4	50	0	200	0	80	0	95	0	0.421763749723217
4	50	0	200	0	155	0	170	0	0.277888139188883
4	55	0	205	0	130	0	145	0	0.741260353972222
4	55	0	205	0	115	0	130	0	1.40977071696212
4	55	0	205	0	100	0	115	0	1.76847898194108
4	55	0	205	0	85	0	100	0	0.470245041911996
4	55	0	205	0	160	0	175	0	0.298407287955332
4	55	0	205	0	145	0	160	0	0.295886385164811
4	55	0	205	0	175	0	190	0	0.600712728166793
4	55	0	205	0	70	0	85	0	1.87802673905614
4	60	0	210	0	135	0	150	0	0.433911904498636
4	60	0	210	0	120	0	135	0	1.39394800109282
4	60	0	210	0	105	0	120	0	2.0482105271639
4	60	0	210	0	90	0	105	0	0.803579283111045
4	60	0	210	0	165	0	180	0	0.330483636844887
4	60	0	210	0	150	0	165	0	0.222455631594107
4	60	0	210	0	180	0	195	0	0.592432065253794
4	60	0	210	0	75	0	90	0	1.28394453095992
4	65	0	215	0	140	0	155	0	0.304621380606892
4	65	0	215	0	125	0	140	0	1.27233082362843
4	65	0	215	0	110	0	125	0	2.05211968586095
4	65	0	215	0	95	0	110	0	1.5443320111822
4	65	0	215	0	170	0	185	0	0.360318439955954
4	65	0	215	0	155	0	170	0	0.210008752848552
4	65	0	215	0	185	0	200	0	0.591678817218287
4	65	0	215	0	80	0	95	0	1.02625665291396
4	70	0	220	0	130	0	145	0	0.854313621650108
4	70	0	220	0	115	0	130	0	1.85157266595618
4	70	0	220	0	100	0	115	0	2.55521751072719
4	70	0	220	0	85	0	100	0	1.00583582299771
4	70	0	220	0	190	0	205	0	0.704075374514715
4	70	0	220	0	145	0	160	0	0.320385351005214
4	70	0	220	0	175	0	190	0	0.349801992067406
4	70	0	220	0	160	0	175	0	0.228917617044298
4	75	0	225	0	135	0	150	0	0.520265184624954
4	75	0	225	0	120	0	135	0	1.88423746718752
4	75	0	225	0	105	0	120	0	3.11381168910732
4	75	0	225	0	90	0	105	0	1.60441462352918
4	75	0	225	0	195	0	210	0	0.747189857151942
4	75	0	225	0	150	0	165	0	0.21816488295778
4	75	0	225	0	180	0	195	0	0.352604199914436
4	75	0	225	0	165	0	180	0	0.262492576852413
4	80	0	230	0	140	0	155	0	0.34614344276879
4	80	0	230	0	125	0	140	0	1.6528183215649
4	80	0	230	0	110	0	125	0	2.9717739694714
4	80	0	230	0	95	0	110	0	2.69988235462094
4	80	0	230	0	200	0	215	0	0.70640443396304
4	80	0	230	0	155	0	170	0	0.19847428418777
4	80	0	230	0	185	0	200	0	0.354733721169258
4	80	0	230	0	170	0	185	0	0.288252769190998
4	85	0	235	0	130	0	145	0	1.0861856567279
4	85	0	235	0	145	0	160	0	0.320008855409798
4	85	0	235	0	115	0	130	0	2.4894028078395
4	85	0	235	0	100	0	115	0	3.93413759427723
4	85	0	235	0	175	0	190	0	0.281536124983688
4	85	0	235	0	205	0	220	0	0.605532956754069
4	85	0	235	0	160	0	175	0	0.20888777971646
4	85	0	235	0	190	0	205	0	0.437975474698574
4	90	0	240	0	135	0	150	0	0.596592242667812
4	90	0	240	0	150	0	165	0	0.219218439937928
4	90	0	240	0	120	0	135	0	2.36235759496225
4	90	0	240	0	105	0	120	0	4.45481896376681
4	90	0	240	0	180	0	195	0	0.277927108154434
4	90	0	240	0	210	0	225	0	0.530125607505044
4	90	0	240	0	165	0	180	0	0.233408459133264
4	90	0	240	0	195	0	210	0	0.469782366732868
4	95	0	245	0	140	0	155	0	0.399484044392159
4	95	0	245	0	155	0	170	0	0.198099352327955
4	95	0	245	0	125	0	140	0	2.18989376170959
4	95	0	245	0	110	0	125	0	4.81804793197466
4	95	0	245	0	185	0	200	0	0.284526222096662
4	95	0	245	0	215	0	230	0	0.531542663336705
4	95	0	245	0	170	0	185	0	0.26113189168592
4	95	0	245	0	200	0	215	0	0.474268014464456
4	100	0	250	0	130	0	145	0	1.70344802585448
4	100	0	250	0	115	0	130	0	4.8803948943833
4	100	0	250	0	190	0	205	0	0.354739449359867
4	100	0	250	0	220	0	235	0	0.510117647845494
4	100	0	250	0	175	0	190	0	0.261272984762282
4	100	0	250	0	205	0	220	0	0.405393645563534
4	100	0	250	0	145	0	160	0	0.385585171986559
4	100	0	250	0	160	0	175	0	0.213259671813299
4	105	0	255	0	135	0	150	0	1.13849805930066
4	105	0	255	0	120	0	135	0	6.20542342829876
4	105	0	255	0	195	0	210	0	0.396443195486664
4	105	0	255	0	225	0	240	0	0.523449567687685
4	105	0	255	0	180	0	195	0	0.271087359968612
4	105	0	255	0	210	0	225	0	0.356886367286134
4	105	0	255	0	150	0	165	0	0.2994028822126
4	105	0	255	0	165	0	180	0	0.256429097809455
4	110	0	260	0	140	0	155	0	0.936925917772385
4	110	0	260	0	125	0	140	0	7.9650603183094
4	110	0	260	0	200	0	215	0	0.432643967440435
4	110	0	260	0	230	0	245	0	0.535585362578529
4	110	0	260	0	185	0	200	0	0.299912041965996
4	110	0	260	0	215	0	230	0	0.357411751640606
4	110	0	260	0	155	0	170	0	0.306393014589625
4	110	0	260	0	170	0	185	0	0.325938224135872
4	115	0	265	0	130	0	145	0	7.48188776975523
4	115	0	265	0	175	0	190	0	0.361668136531005
4	115	0	265	0	205	0	220	0	0.396311112402096
4	115	0	265	0	145	0	160	0	0.886930400222964
4	115	0	265	0	160	0	175	0	0.355098261114519
4	115	0	265	0	190	0	205	0	0.398375024636911
4	115	0	265	0	220	0	235	0	0.349644711063544
4	115	0	265	0	235	0	250	0	0.556131786607549
4	120	0	270	0	135	0	150	0	4.02496982325815
4	120	0	270	0	150	0	165	0	0.66846266698824
4	120	0	270	0	165	0	180	0	0.4121375073992
4	120	0	270	0	180	0	195	0	0.37205009779507
4	120	0	270	0	210	0	225	0	0.355330261955055
4	120	0	270	0	195	0	210	0	0.452365797414721
4	120	0	270	0	225	0	240	0	0.363184085262215
4	120	0	270	0	240	0	255	0	0.58086812507858
4	125	0	275	0	140	0	155	0	2.45486845683929
4	125	0	275	0	155	0	170	0	0.546351098606583
4	125	0	275	0	170	0	185	0	0.475804742663852
4	125	0	275	0	185	0	200	0	0.37694205070133
4	125	0	275	0	215	0	230	0	0.338080293185327
4	125	0	275	0	200	0	215	0	0.478464929683508
4	125	0	275	0	230	0	245	0	0.353470063536591
4	125	0	275	0	245	0	260	0	0.570315150820988
4	130	0	280	0	145	0	160	0	2.1467020565498
4	130	0	280	0	175	0	190	0	0.49458421526804
4	130	0	280	0	205	0	220	0	0.430460628358092
4	130	0	280	0	235	0	250	0	0.373322397991193
4	130	0	280	0	160	0	175	0	0.558493678305241
4	130	0	280	0	190	0	205	0	0.471719659901694
4	130	0	280	0	220	0	235	0	0.323949524735153
4	130	0	280	0	250	0	265	0	0.610346582455161
4	135	0	285	0	150	0	165	0	1.57100908981552
4	135	0	285	0	180	0	195	0	0.502738940872197
4	135	0	285	0	210	0	225	0	0.384813390288915
4	135	0	285	0	240	0	255	0	0.386157624290206
4	135	0	285	0	165	0	180	0	0.633318652571639
4	135	0	285	0	195	0	210	0	0.532033153233177
4	135	0	285	0	225	0	240	0	0.332033858240678
4	135	0	285	0	255	0	270	0	0.619425887531936
4	140	0	290	0	155	0	170	0	1.07896048239932
4	140	0	290	0	185	0	200	0	0.478141596079101
4	140	0	290	0	215	0	230	0	0.35250070258465
4	140	0	290	0	245	0	260	0	0.377007468320435
4	140	0	290	0	170	0	185	0	0.688469143397297
4	140	0	290	0	200	0	215	0	0.547509658140832
4	140	0	290	0	230	0	245	0	0.312850874988552
4	140	0	290	0	260	0	275	0	0.705144157805092
4	145	0	295	0	160	0	175	0	0.860748181392818
4	145	0	295	0	190	0	205	0	0.540293056595308
4	145	0	295	0	220	0	235	0	0.318114989548355
4	145	0	295	0	250	0	265	0	0.390813269708814
4	145	0	295	0	175	0	190	0	0.634325145667455
4	145	0	295	0	205	0	220	0	0.463804160810393
4	145	0	295	0	235	0	250	0	0.317458678527185
4	145	0	295	0	265	0	280	0	0.760146734906268
4	0	0	100	0	80	0	90	0	1.9636272830808
4	0	0	100	0	60	0	70	0	1.79000291669274
4	0	0	100	0	40	0	50	0	0.597452168615361
4	0	0	100	0	20	0	30	0	0.683741012430554
4	0	0	100	0	70	0	80	0	1.90653155277698
4	0	0	100	0	50	0	60	0	0.789200931097296
4	0	0	100	0	30	0	40	0	0.657943366614738
4	0	0	100	0	10	0	20	0	1.14260973655795
4	100	0	200	0	140	0	150	0	0.429947538916764
4	100	0	200	0	130	0	140	0	1.66457854514329
4	100	0	200	0	120	0	130	0	2.92872562645179
4	100	0	200	0	110	0	120	0	6.6213719873609
4	100	0	200	0	180	0	190	0	0.7390100106564
4	100	0	200	0	150	0	160	0	0.261274256967395
4	100	0	200	0	170	0	180	0	0.412558066547836
4	100	0	200	0	160	0	170	0	0.228161565099693
4	200	0	300	0	210	0	220	0	0.804466976702816
4	200	0	300	0	230	0	240	0	0.300264084632055
4	200	0	300	0	250	0	260	0	0.264952062335225
4	200	0	300	0	270	0	280	0	0.515386821429062
4	200	0	300	0	220	0	230	0	0.413688266053717
4	200	0	300	0	240	0	250	0	0.283672978156513
4	200	0	300	0	260	0	270	0	0.324716794588585
4	200	0	300	0	280	0	290	0	0.850405382834925
4	5	0	105	0	85	0	95	0	3.60581326735732
4	5	0	105	0	65	0	75	0	1.79639192356181
4	5	0	105	0	45	0	55	0	0.697576509584366
4	5	0	105	0	25	0	35	0	0.865128710457947
4	5	0	105	0	75	0	85	0	1.49792582712526
4	5	0	105	0	55	0	65	0	1.25742793505487
4	5	0	105	0	35	0	45	0	0.594749170081784
4	5	0	105	0	15	0	25	0	1.22871257057452
4	105	0	205	0	145	0	155	0	0.376771883057968
4	105	0	205	0	135	0	145	0	1.00929051703625
4	105	0	205	0	125	0	135	0	3.87789031636184
4	105	0	205	0	115	0	125	0	6.51587844558376
4	105	0	205	0	185	0	195	0	0.649352393045985
4	105	0	205	0	155	0	165	0	0.232150789779934
4	105	0	205	0	175	0	185	0	0.413624536991109
4	105	0	205	0	165	0	175	0	0.284382188221059
4	205	0	305	0	215	0	225	0	0.786909610196542
4	205	0	305	0	235	0	245	0	0.310456299707567
4	205	0	305	0	255	0	265	0	0.292950844038041
4	205	0	305	0	275	0	285	0	0.540021916087386
4	205	0	305	0	225	0	235	0	0.442016916438177
4	205	0	305	0	245	0	255	0	0.294483190552001
4	205	0	305	0	265	0	275	0	0.347122109585727
4	205	0	305	0	285	0	295	0	0.863357372352817
4	10	0	110	0	90	0	100	0	5.73607852101103
4	10	0	110	0	70	0	80	0	1.41709961369371
4	10	0	110	0	50	0	60	0	0.7490378923515
4	10	0	110	0	30	0	40	0	0.876769777579321
4	10	0	110	0	80	0	90	0	1.10346998484685
4	10	0	110	0	60	0	70	0	1.52336541948119
4	10	0	110	0	40	0	50	0	0.648114287230972
4	10	0	110	0	20	0	30	0	1.23577970993871
4	110	0	210	0	140	0	150	0	0.797307964782598
4	110	0	210	0	150	0	160	0	0.359930552582516
4	110	0	210	0	130	0	140	0	4.05005074343775
4	110	0	210	0	120	0	130	0	9.36136325270728
4	110	0	210	0	170	0	180	0	0.342071241132869
4	110	0	210	0	190	0	200	0	0.694925854066925
4	110	0	210	0	160	0	170	0	0.234751048313062
4	110	0	210	0	180	0	190	0	0.42123280074246
4	210	0	310	0	220	0	230	0	0.739288329609761
4	210	0	310	0	240	0	250	0	0.326257881357027
4	210	0	310	0	260	0	270	0	0.303725477961798
4	210	0	310	0	280	0	290	0	0.559214424778805
4	210	0	310	0	230	0	240	0	0.395370462181125
4	210	0	310	0	250	0	260	0	0.275875746308549
4	210	0	310	0	270	0	280	0	0.415421965965499
4	210	0	310	0	290	0	300	0	0.862852788377989
4	15	0	115	0	95	0	105	0	7.02046953660457
4	15	0	115	0	75	0	85	0	0.877652670351717
4	15	0	115	0	55	0	65	0	1.02193079299
4	15	0	115	0	35	0	45	0	0.695904987360812
4	15	0	115	0	85	0	95	0	1.33368450165969
4	15	0	115	0	65	0	75	0	1.29422829373376
4	15	0	115	0	45	0	55	0	0.668492381473849
4	15	0	115	0	25	0	35	0	1.3149553542621
4	115	0	215	0	145	0	155	0	0.729006103929836
4	115	0	215	0	155	0	165	0	0.33241412272491
4	115	0	215	0	135	0	145	0	2.58101511847724
4	115	0	215	0	125	0	135	0	12.4717874368589
4	115	0	215	0	175	0	185	0	0.376212583554403
4	115	0	215	0	195	0	205	0	0.89912070072562
4	115	0	215	0	165	0	175	0	0.312408816933765
4	115	0	215	0	185	0	195	0	0.41694836134899
4	215	0	315	0	225	0	235	0	0.742816942583418
4	215	0	315	0	245	0	255	0	0.323036757739035
4	215	0	315	0	265	0	275	0	0.304879571672697
4	215	0	315	0	285	0	295	0	0.55768210590273
4	215	0	315	0	235	0	245	0	0.385120356565025
4	215	0	315	0	255	0	265	0	0.289615714179563
4	215	0	315	0	275	0	285	0	0.423855310738983
4	215	0	315	0	295	0	305	0	0.840189702888139
4	20	0	120	0	100	0	110	0	10.3301611807592
4	20	0	120	0	80	0	90	0	0.575668118275817
4	20	0	120	0	60	0	70	0	1.20126294145311
4	20	0	120	0	40	0	50	0	0.704746194168389
4	20	0	120	0	90	0	100	0	2.08562856039729
4	20	0	120	0	70	0	80	0	0.973012051250358
4	20	0	120	0	50	0	60	0	0.68810841230941
4	20	0	120	0	30	0	40	0	1.27573662196913
4	120	0	220	0	140	0	150	0	1.55242449821875
4	120	0	220	0	130	0	140	0	9.78144960507036
4	120	0	220	0	180	0	190	0	0.374010882686602
4	120	0	220	0	200	0	210	0	0.896002023456483
4	120	0	220	0	170	0	180	0	0.367778865066134
4	120	0	220	0	190	0	200	0	0.440808291392359
4	120	0	220	0	150	0	160	0	0.565538303252771
4	120	0	220	0	160	0	170	0	0.295191804917562
4	25	0	125	0	105	0	115	0	12.0052394634141
4	25	0	125	0	85	0	95	0	0.68166964534727
4	25	0	125	0	65	0	75	0	1.08903449875406
4	25	0	125	0	45	0	55	0	0.773909769821582
4	25	0	125	0	95	0	105	0	2.98450836973638
4	25	0	125	0	75	0	85	0	0.616986754944021
4	25	0	125	0	55	0	65	0	0.97615839044153
4	25	0	125	0	35	0	45	0	1.10069747806754
4	125	0	225	0	145	0	155	0	1.14876978106047
4	125	0	225	0	135	0	145	0	5.10781641874634
4	125	0	225	0	185	0	195	0	0.360987627213951
4	125	0	225	0	205	0	215	0	0.801772786317329
4	125	0	225	0	175	0	185	0	0.387492059563561
4	125	0	225	0	195	0	205	0	0.580262586477047
4	125	0	225	0	155	0	165	0	0.439505256315931
4	125	0	225	0	165	0	175	0	0.354607004080236
4	30	0	130	0	110	0	120	0	8.06765958383867
4	30	0	130	0	100	0	110	0	3.9080975485878
4	30	0	130	0	90	0	100	0	0.952898861433466
4	30	0	130	0	80	0	90	0	0.353388017051596
4	30	0	130	0	60	0	70	0	1.16278784043122
4	30	0	130	0	50	0	60	0	0.80540040970814
4	30	0	130	0	40	0	50	0	1.08744040673177
4	30	0	130	0	70	0	80	0	0.807603925150279
4	130	0	230	0	140	0	150	0	3.81364766703993
4	130	0	230	0	170	0	180	0	0.429399022307632
4	130	0	230	0	190	0	200	0	0.391036713039383
4	130	0	230	0	210	0	220	0	0.681497674529097
4	130	0	230	0	160	0	170	0	0.390573623426819
4	130	0	230	0	180	0	190	0	0.392845905026791
4	130	0	230	0	200	0	210	0	0.610660108710614
4	130	0	230	0	150	0	160	0	0.949715637799845
4	35	0	135	0	115	0	125	0	4.07871982496195
4	35	0	135	0	105	0	115	0	3.50619117469478
4	35	0	135	0	95	0	105	0	1.10250794075749
4	35	0	135	0	85	0	95	0	0.317202735352777
4	35	0	135	0	65	0	75	0	1.08180102717539
4	35	0	135	0	55	0	65	0	1.16980382208
4	35	0	135	0	45	0	55	0	1.3095960047648
4	35	0	135	0	75	0	85	0	0.480210379206048
4	135	0	235	0	145	0	155	0	2.93466312892615
4	135	0	235	0	175	0	185	0	0.460454969948973
4	135	0	235	0	195	0	205	0	0.519587769749398
4	135	0	235	0	215	0	225	0	0.597676946854594
4	135	0	235	0	165	0	175	0	0.466517232102739
4	135	0	235	0	185	0	195	0	0.378830309741525
4	135	0	235	0	205	0	215	0	0.536489000785807
4	135	0	235	0	155	0	165	0	0.725984122230282
4	40	0	140	0	120	0	130	0	3.79512035134001
4	40	0	140	0	100	0	110	0	1.55122973840162
4	40	0	140	0	80	0	90	0	0.268185229154067
4	40	0	140	0	60	0	70	0	1.46750202190995
4	40	0	140	0	110	0	120	0	2.40714642112368
4	40	0	140	0	90	0	100	0	0.470056918344294
4	40	0	140	0	70	0	80	0	0.843175872384688
4	40	0	140	0	50	0	60	0	1.3781035347115
4	140	0	240	0	150	0	160	0	1.80437078147695
4	140	0	240	0	180	0	190	0	0.438836685600712
4	140	0	240	0	200	0	210	0	0.552661679715438
4	140	0	240	0	220	0	230	0	0.649308712193968
4	140	0	240	0	170	0	180	0	0.518117437848194
4	140	0	240	0	190	0	200	0	0.393205495555464
4	140	0	240	0	210	0	220	0	0.479218832632565
4	140	0	240	0	160	0	170	0	0.538405275792714
4	45	0	145	0	125	0	135	0	3.29782628732111
4	45	0	145	0	105	0	115	0	2.0122051487424
4	45	0	145	0	85	0	95	0	0.253149969463829
4	45	0	145	0	65	0	75	0	1.41602926366849
4	45	0	145	0	115	0	125	0	1.5995127255777
4	45	0	145	0	95	0	105	0	0.736183667384157
4	45	0	145	0	75	0	85	0	0.530536299643672
4	45	0	145	0	55	0	65	0	1.91202066999336
4	145	0	245	0	155	0	165	0	1.098024682449
4	145	0	245	0	185	0	195	0	0.389321357567258
4	145	0	245	0	205	0	215	0	0.469432162035513
4	145	0	245	0	225	0	235	0	0.665392479665488
4	145	0	245	0	175	0	185	0	0.504132402665687
4	145	0	245	0	195	0	205	0	0.493640686210821
4	145	0	245	0	215	0	225	0	0.397678029532141
4	145	0	245	0	165	0	175	0	0.549680135407084
4	50	0	150	0	130	0	140	0	1.90169124933187
4	50	0	150	0	110	0	120	0	1.75155599953703
4	50	0	150	0	90	0	100	0	0.421841626589365
4	50	0	150	0	70	0	80	0	1.25317847713435
4	50	0	150	0	120	0	130	0	1.59445881422348
4	50	0	150	0	100	0	110	0	1.25366850342703
4	50	0	150	0	80	0	90	0	0.316969151605118
4	50	0	150	0	60	0	70	0	3.0971606212117
4	150	0	250	0	160	0	170	0	0.764408097977697
4	150	0	250	0	180	0	190	0	0.465882349938081
4	150	0	250	0	200	0	210	0	0.515838061326264
4	150	0	250	0	220	0	230	0	0.393119635028866
4	150	0	250	0	170	0	180	0	0.587777382919957
4	150	0	250	0	190	0	200	0	0.389954420362704
4	150	0	250	0	210	0	220	0	0.411183428446959
4	150	0	250	0	230	0	240	0	0.609289958338326
4	55	0	155	0	135	0	145	0	0.936807857947725
4	55	0	155	0	115	0	125	0	1.26314489067297
4	55	0	155	0	95	0	105	0	0.706710700235824
4	55	0	155	0	75	0	85	0	0.809361300034155
4	55	0	155	0	125	0	135	0	1.58179675169057
4	55	0	155	0	105	0	115	0	1.80189008698165
4	55	0	155	0	85	0	95	0	0.28371508766822
4	55	0	155	0	65	0	75	0	3.0799091240918
4	155	0	255	0	165	0	175	0	0.766563447033465
4	155	0	255	0	185	0	195	0	0.408894353323819
4	155	0	255	0	205	0	215	0	0.436940392607047
4	155	0	255	0	225	0	235	0	0.396671319515204
4	155	0	255	0	175	0	185	0	0.570707414148136
4	155	0	255	0	195	0	205	0	0.483657714787331
4	155	0	255	0	215	0	225	0	0.334232930443755
4	155	0	255	0	235	0	245	0	0.63102216522224
4	60	0	160	0	140	0	150	0	0.62999676332615
4	60	0	160	0	120	0	130	0	1.30328433893596
4	60	0	160	0	100	0	110	0	1.27944104302686
4	60	0	160	0	80	0	90	0	0.494211260046514
4	60	0	160	0	130	0	140	0	1.10141068200083
4	60	0	160	0	110	0	120	0	1.70450613573717
4	60	0	160	0	90	0	100	0	0.47590797871074
4	60	0	160	0	70	0	80	0	2.73565281081664
4	160	0	260	0	170	0	180	0	0.828789582287439
4	160	0	260	0	190	0	200	0	0.407875641746434
4	160	0	260	0	210	0	220	0	0.386589104238812
4	160	0	260	0	230	0	240	0	0.367891079089727
4	160	0	260	0	180	0	190	0	0.534114439390053
4	160	0	260	0	200	0	210	0	0.509551578891074
4	160	0	260	0	220	0	230	0	0.325934892160316
4	160	0	260	0	240	0	250	0	0.713176763153836
4	65	0	165	0	145	0	155	0	0.571786317039677
4	65	0	165	0	125	0	135	0	1.44884278891348
4	65	0	165	0	105	0	115	0	2.04302442894584
4	65	0	165	0	85	0	95	0	0.457181188102125
4	65	0	165	0	135	0	145	0	0.604729388843003
4	65	0	165	0	115	0	125	0	1.34797231334079
4	65	0	165	0	95	0	105	0	0.867958015491338
4	65	0	165	0	75	0	85	0	2.21205802154982
4	165	0	265	0	175	0	185	0	0.802524646368745
4	165	0	265	0	195	0	205	0	0.499523147627678
4	165	0	265	0	215	0	225	0	0.310643321963229
4	165	0	265	0	235	0	245	0	0.358632656902249
4	165	0	265	0	185	0	195	0	0.466493615345728
4	165	0	265	0	205	0	215	0	0.430712493824076
4	165	0	265	0	225	0	235	0	0.3220212090596
4	165	0	265	0	245	0	255	0	0.668199424188316
4	70	0	170	0	140	0	150	0	0.431437667119255
4	70	0	170	0	130	0	140	0	1.09187091855223
4	70	0	170	0	110	0	120	0	2.07189749584909
4	70	0	170	0	90	0	100	0	0.74345986527622
4	70	0	170	0	120	0	130	0	1.44816815323431
4	70	0	170	0	100	0	110	0	1.64443941975349
4	70	0	170	0	150	0	160	0	0.572203307921253
4	70	0	170	0	80	0	90	0	1.37896711398801
4	170	0	270	0	180	0	190	0	0.776955469222053
4	170	0	270	0	200	0	210	0	0.529809492839399
4	170	0	270	0	220	0	230	0	0.297865587487697
4	170	0	270	0	240	0	250	0	0.384443522196654
4	170	0	270	0	190	0	200	0	0.464822079105548
4	170	0	270	0	210	0	220	0	0.384193009204802
4	170	0	270	0	230	0	240	0	0.293896237047715
4	170	0	270	0	250	0	260	0	0.621341928162927
4	75	0	175	0	145	0	155	0	0.371448899352665
4	75	0	175	0	135	0	145	0	0.580375822157884
4	75	0	175	0	115	0	125	0	1.6096527282354
4	75	0	175	0	95	0	105	0	1.25087736904398
4	75	0	175	0	125	0	135	0	1.57179471793037
4	75	0	175	0	105	0	115	0	2.58250931021032
4	75	0	175	0	155	0	165	0	0.528635204852138
4	75	0	175	0	85	0	95	0	1.00182202985011
4	175	0	275	0	185	0	195	0	0.745175937944489
4	175	0	275	0	205	0	215	0	0.463604515313115
4	175	0	275	0	225	0	235	0	0.300401832081184
4	175	0	275	0	245	0	255	0	0.389764775369903
4	175	0	275	0	195	0	205	0	0.584293175755182
4	175	0	275	0	215	0	225	0	0.316748532105583
4	175	0	275	0	235	0	245	0	0.293943947395634
4	175	0	275	0	255	0	265	0	0.698525457314057
4	80	0	180	0	140	0	150	0	0.38395202226324
4	80	0	180	0	130	0	140	0	1.1415908619899
4	80	0	180	0	110	0	120	0	2.51417259011717
4	80	0	180	0	90	0	100	0	1.40262752124567
4	80	0	180	0	160	0	170	0	0.533163848808574
4	80	0	180	0	120	0	130	0	1.63560245813438
4	80	0	180	0	100	0	110	0	2.1727270706538
4	80	0	180	0	150	0	160	0	0.335974075757317
4	180	0	280	0	190	0	200	0	0.757682879792294
4	180	0	280	0	200	0	210	0	0.631978729040507
4	180	0	280	0	210	0	220	0	0.42151930759869
4	180	0	280	0	220	0	230	0	0.301292156988257
4	180	0	280	0	240	0	250	0	0.308855260889118
4	180	0	280	0	250	0	260	0	0.359448758075497
4	180	0	280	0	260	0	270	0	0.696541737383783
4	180	0	280	0	230	0	240	0	0.270998525566133
4	85	0	185	0	145	0	155	0	0.310040822189504
4	85	0	185	0	135	0	145	0	0.575371894987509
4	85	0	185	0	115	0	125	0	1.86154171776762
4	85	0	185	0	95	0	105	0	1.9728922359403
4	85	0	185	0	165	0	175	0	0.640335019585918
4	85	0	185	0	125	0	135	0	1.69030698964765
4	85	0	185	0	105	0	115	0	3.1770833593359
4	85	0	185	0	155	0	165	0	0.294088319717731
4	185	0	285	0	195	0	205	0	0.914004885205988
4	185	0	285	0	205	0	215	0	0.557860500972822
4	185	0	285	0	215	0	225	0	0.350816783074241
4	185	0	285	0	225	0	235	0	0.303252774993543
4	185	0	285	0	245	0	255	0	0.312365809598637
4	185	0	285	0	255	0	265	0	0.396889161468847
4	185	0	285	0	265	0	275	0	0.766127459797258
4	185	0	285	0	235	0	245	0	0.269876479954852
4	90	0	190	0	140	0	150	0	0.363346322232964
4	90	0	190	0	130	0	140	0	1.19590153715798
4	90	0	190	0	120	0	130	0	1.81818657407032
4	90	0	190	0	110	0	120	0	2.99885484960358
4	90	0	190	0	160	0	170	0	0.285051690789873
4	90	0	190	0	150	0	160	0	0.265229330672536
4	90	0	190	0	170	0	180	0	0.702616065823899
4	90	0	190	0	100	0	110	0	3.01513998959755
4	190	0	290	0	200	0	210	0	0.975831403246528
4	190	0	290	0	210	0	220	0	0.516282786078148
4	190	0	290	0	220	0	230	0	0.331017871273033
4	190	0	290	0	230	0	240	0	0.272672760223771
4	190	0	290	0	240	0	250	0	0.282343072157048
4	190	0	290	0	250	0	260	0	0.289296629770564
4	190	0	290	0	260	0	270	0	0.409315077471408
4	190	0	290	0	270	0	280	0	0.87450135886531
4	95	0	195	0	145	0	155	0	0.297086696302558
4	95	0	195	0	135	0	145	0	0.628758061393915
4	95	0	195	0	125	0	135	0	2.01247798914272
4	95	0	195	0	115	0	125	0	2.48660899073046
4	95	0	195	0	165	0	175	0	0.359757831942795
4	95	0	195	0	155	0	165	0	0.233828868879187
4	95	0	195	0	175	0	185	0	0.73469711202007
4	95	0	195	0	105	0	115	0	5.41356775664763
4	195	0	295	0	205	0	215	0	0.828702346442783
4	195	0	295	0	215	0	225	0	0.435378304719425
4	195	0	295	0	225	0	235	0	0.332021571192429
4	195	0	295	0	235	0	245	0	0.269892894262537
4	195	0	295	0	245	0	255	0	0.284019178181379
4	195	0	295	0	255	0	265	0	0.313440729293269
4	195	0	295	0	265	0	275	0	0.436088437168025
4	195	0	295	0	275	0	285	0	0.853196883621775
4	0	0	50	0	40	0	45	0	1.89978738106598
4	0	0	50	0	30	0	35	0	0.96825618362537
4	0	0	50	0	20	0	25	0	0.59042046325793
4	0	0	50	0	10	0	15	0	0.86748302985961
4	0	0	50	0	35	0	40	0	1.04409539425723
4	0	0	50	0	25	0	30	0	0.692198969004993
4	0	0	50	0	15	0	20	0	0.646716565454201
4	0	0	50	0	5	0	10	0	2.01007572036552
4	50	0	100	0	90	0	95	0	5.35764056320888
4	50	0	100	0	80	0	85	0	1.01132311357518
4	50	0	100	0	70	0	75	0	1.61554190537469
4	50	0	100	0	60	0	65	0	2.43319840898017
4	50	0	100	0	85	0	90	0	1.14055192476198
4	50	0	100	0	75	0	80	0	1.21212530278367
4	50	0	100	0	65	0	70	0	1.9679861931979
4	50	0	100	0	55	0	60	0	2.42327872876725
4	100	0	150	0	140	0	145	0	1.58135868457836
4	100	0	150	0	130	0	135	0	1.7883636458453
4	100	0	150	0	120	0	125	0	1.73355671804027
4	100	0	150	0	110	0	115	0	4.75649794020042
4	100	0	150	0	135	0	140	0	1.12271872393426
4	100	0	150	0	125	0	130	0	1.90125548869615
4	100	0	150	0	115	0	120	0	2.36814719889681
4	100	0	150	0	105	0	110	0	7.14310441227013
4	150	0	200	0	155	0	160	0	1.59752935048245
4	150	0	200	0	170	0	175	0	0.42157857116401
4	150	0	200	0	180	0	185	0	0.47062500171801
4	150	0	200	0	190	0	195	0	1.17375232778523
4	150	0	200	0	165	0	170	0	0.357743753047753
4	150	0	200	0	175	0	180	0	0.406124885949992
4	150	0	200	0	185	0	190	0	0.558086398364344
4	150	0	200	0	160	0	165	0	0.508814991403851
4	200	0	250	0	205	0	210	0	0.886880033228984
4	200	0	250	0	215	0	220	0	0.38471366042349
4	200	0	250	0	225	0	230	0	0.320449907843551
4	200	0	250	0	235	0	240	0	0.409320576784007
4	200	0	250	0	210	0	215	0	0.53856055337324
4	200	0	250	0	220	0	225	0	0.269620676694893
4	200	0	250	0	230	0	235	0	0.305394640564242
4	200	0	250	0	240	0	245	0	0.996328893249866
4	250	0	300	0	260	0	265	0	0.532249164821016
4	250	0	300	0	270	0	275	0	0.331864798614181
4	250	0	300	0	280	0	285	0	0.416091532955273
4	250	0	300	0	255	0	260	0	1.02409295143289
4	250	0	300	0	265	0	270	0	0.307852715927566
4	250	0	300	0	275	0	280	0	0.379740573154205
4	250	0	300	0	285	0	290	0	0.555179094920505
4	250	0	300	0	290	0	295	0	1.00353727397112
4	5	0	55	0	45	0	50	0	3.28369003966325
4	5	0	55	0	35	0	40	0	0.853842722200399
4	5	0	55	0	25	0	30	0	0.721361469316211
4	5	0	55	0	15	0	20	0	0.938328613746294
4	5	0	55	0	40	0	45	0	1.11450684972566
4	5	0	55	0	30	0	35	0	0.899701813338291
4	5	0	55	0	20	0	25	0	0.681049685647255
4	5	0	55	0	10	0	15	0	1.89992920082583
4	55	0	105	0	95	0	100	0	8.24175696315301
4	55	0	105	0	90	0	95	0	2.88693934599398
4	55	0	105	0	85	0	90	0	0.855543136510019
4	55	0	105	0	80	0	85	0	0.889627001249428
4	55	0	105	0	70	0	75	0	1.80654398719824
4	55	0	105	0	65	0	70	0	2.57280539791473
4	55	0	105	0	60	0	65	0	3.94191643730415
4	55	0	105	0	75	0	80	0	1.19709948306165
4	105	0	155	0	145	0	150	0	1.28669155429137
4	105	0	155	0	135	0	140	0	0.969328891160346
4	105	0	155	0	125	0	130	0	2.48925754889662
4	105	0	155	0	115	0	120	0	4.17663693035341
4	105	0	155	0	140	0	145	0	0.643406714054341
4	105	0	155	0	130	0	135	0	2.04559290484135
4	105	0	155	0	120	0	125	0	2.6787843298567
4	105	0	155	0	110	0	115	0	11.2824459646756
4	155	0	205	0	160	0	165	0	1.05596380457585
4	155	0	205	0	170	0	175	0	0.439324210127564
4	155	0	205	0	180	0	185	0	0.40819140588004
4	155	0	205	0	190	0	195	0	0.490501247276266
4	155	0	205	0	165	0	170	0	0.446693270537115
4	155	0	205	0	175	0	180	0	0.387966315095578
4	155	0	205	0	185	0	190	0	0.393064197525358
4	155	0	205	0	195	0	200	0	0.865450566256311
4	205	0	255	0	210	0	215	0	1.21832577799302
4	205	0	255	0	220	0	225	0	0.328789391671117
4	205	0	255	0	230	0	235	0	0.283333256802155
4	205	0	255	0	240	0	245	0	0.44114854403313
4	205	0	255	0	215	0	220	0	0.558293663894712
4	205	0	255	0	225	0	230	0	0.341420351573086
4	205	0	255	0	235	0	240	0	0.30979325333248
4	205	0	255	0	245	0	250	0	1.12700484234837
4	255	0	305	0	265	0	270	0	0.431139262502015
4	255	0	305	0	275	0	280	0	0.367646721103934
4	255	0	305	0	285	0	290	0	0.431168753714933
4	255	0	305	0	260	0	265	0	1.27178796665375
4	255	0	305	0	270	0	275	0	0.362317927899628
4	255	0	305	0	280	0	285	0	0.368516276853226
4	255	0	305	0	290	0	295	0	0.551144531793916
4	255	0	305	0	295	0	300	0	0.868235070842325
4	10	0	60	0	50	0	55	0	3.19057277559883
4	10	0	60	0	40	0	45	0	0.880775867353692
4	10	0	60	0	30	0	35	0	0.895507615188879
4	10	0	60	0	20	0	25	0	0.871791612146844
4	10	0	60	0	45	0	50	0	2.09166294084088
4	10	0	60	0	35	0	40	0	0.780855567420215
4	10	0	60	0	25	0	30	0	0.80484668145997
4	10	0	60	0	15	0	20	0	1.69683679980182
4	60	0	110	0	100	0	105	0	11.5802163267936
4	60	0	110	0	90	0	95	0	1.76075093911234
4	60	0	110	0	80	0	85	0	0.807795519345209
4	60	0	110	0	70	0	75	0	2.44103675626385
4	60	0	110	0	95	0	100	0	4.18828547186399
4	60	0	110	0	85	0	90	0	0.646910221976633
4	60	0	110	0	75	0	80	0	1.30329267590824
4	60	0	110	0	65	0	70	0	5.06472552607786
4	110	0	160	0	150	0	155	0	1.005609796556
4	110	0	160	0	140	0	145	0	0.642260571748505
4	110	0	160	0	130	0	135	0	3.18078086509025
4	110	0	160	0	120	0	125	0	5.43842713252478
4	110	0	160	0	145	0	150	0	0.568944925855427
4	110	0	160	0	135	0	140	0	1.30158300774109
4	110	0	160	0	125	0	130	0	4.2843693702936
4	110	0	160	0	115	0	120	0	10.848232330436
4	160	0	210	0	165	0	170	0	1.12413389157239
4	160	0	210	0	175	0	180	0	0.411611954960539
4	160	0	210	0	185	0	190	0	0.349436895957059
4	160	0	210	0	195	0	200	0	0.515550408058469
4	160	0	210	0	170	0	175	0	0.544564260947002
4	160	0	210	0	180	0	185	0	0.399307450476814
4	160	0	210	0	190	0	195	0	0.382064412012234
4	160	0	210	0	200	0	205	0	1.39010697804988
4	210	0	260	0	215	0	220	0	1.18054418261932
4	210	0	260	0	220	0	225	0	0.452698710611054
4	210	0	260	0	225	0	230	0	0.395393290502644
4	210	0	260	0	230	0	235	0	0.29038635377724
4	210	0	260	0	240	0	245	0	0.329053928407372
4	210	0	260	0	245	0	250	0	0.514161381532365
4	210	0	260	0	250	0	255	0	1.19308914807104
4	210	0	260	0	235	0	240	0	0.283657309572432
4	260	0	310	0	270	0	275	0	0.46866499134862
4	260	0	310	0	280	0	285	0	0.358475104690289
4	260	0	310	0	290	0	295	0	0.445525415347452
4	260	0	310	0	265	0	270	0	0.982187918420823
4	260	0	310	0	275	0	280	0	0.393372849728219
4	260	0	310	0	285	0	290	0	0.38716257638948
4	260	0	310	0	295	0	300	0	0.530936860690656
4	260	0	310	0	300	0	305	0	0.979913716414237
4	15	0	65	0	55	0	60	0	4.41808136002011
4	15	0	65	0	45	0	50	0	1.3150592291939
4	15	0	65	0	35	0	40	0	0.704001325139302
4	15	0	65	0	25	0	30	0	0.928738332519485
4	15	0	65	0	50	0	55	0	1.63463545744705
4	15	0	65	0	40	0	45	0	0.679148390551905
4	15	0	65	0	30	0	35	0	0.891722710299067
4	15	0	65	0	20	0	25	0	1.31526683640197
4	65	0	115	0	105	0	110	0	14.3703353773216
4	65	0	115	0	95	0	100	0	2.31731782814903
4	65	0	115	0	85	0	90	0	0.521631336870228
4	65	0	115	0	75	0	80	0	1.92416330325069
4	65	0	115	0	100	0	105	0	5.11290694388808
4	65	0	115	0	90	0	95	0	1.11507605915528
4	65	0	115	0	80	0	85	0	0.902815768245287
4	65	0	115	0	70	0	75	0	5.08123219972047
4	115	0	165	0	150	0	155	0	0.524583077355041
4	115	0	165	0	145	0	150	0	0.596914480852564
4	115	0	165	0	135	0	140	0	1.97255833545638
4	115	0	165	0	125	0	130	0	7.6232377570854
4	115	0	165	0	140	0	145	0	0.856800563607495
4	115	0	165	0	130	0	135	0	5.23116754125701
4	115	0	165	0	155	0	160	0	1.15236238952444
4	115	0	165	0	120	0	125	0	11.5782538225583
4	165	0	215	0	170	0	175	0	1.19872703189472
4	165	0	215	0	180	0	185	0	0.423046841014215
4	165	0	215	0	190	0	195	0	0.332265886123938
4	165	0	215	0	200	0	205	0	0.709915539880632
4	165	0	215	0	175	0	180	0	0.502691230668377
4	165	0	215	0	185	0	190	0	0.336304031088815
4	165	0	215	0	195	0	200	0	0.395668796871948
4	165	0	215	0	205	0	210	0	1.17843286541274
4	215	0	265	0	220	0	225	0	1.01443539526737
4	215	0	265	0	225	0	230	0	0.535646891767599
4	215	0	265	0	230	0	235	0	0.319453610954118
4	215	0	265	0	235	0	240	0	0.279994534637193
4	215	0	265	0	240	0	245	0	0.283924122317265
4	215	0	265	0	245	0	250	0	0.347219657039527
4	215	0	265	0	250	0	255	0	0.453403423774983
4	215	0	265	0	255	0	260	0	0.963780332163521
4	265	0	315	0	275	0	280	0	0.526600587341554
4	265	0	315	0	285	0	290	0	0.371969462600095
4	265	0	315	0	295	0	300	0	0.410752245370825
4	265	0	315	0	270	0	275	0	1.12525682149651
4	265	0	315	0	280	0	285	0	0.387920076301127
4	265	0	315	0	290	0	295	0	0.387640439982303
4	265	0	315	0	300	0	305	0	0.544950627006564
4	265	0	315	0	305	0	310	0	0.975355038476127
4	20	0	70	0	60	0	65	0	5.0424914887974
4	20	0	70	0	50	0	55	0	0.970224151851845
4	20	0	70	0	40	0	45	0	0.577115874504118
4	20	0	70	0	30	0	35	0	1.01405609310701
4	20	0	70	0	55	0	60	0	1.82289821264729
4	20	0	70	0	45	0	50	0	0.903084308231966
4	20	0	70	0	35	0	40	0	0.706649756960886
4	20	0	70	0	25	0	30	0	1.39295891528437
4	70	0	120	0	110	0	115	0	14.2506908552149
4	70	0	120	0	100	0	105	0	3.33482802181109
4	70	0	120	0	90	0	95	0	0.892175308024272
4	70	0	120	0	80	0	85	0	1.26080616402689
4	70	0	120	0	105	0	110	0	7.80173979973916
4	70	0	120	0	95	0	100	0	1.66431702143035
4	70	0	120	0	85	0	90	0	0.533830340565553
4	70	0	120	0	75	0	80	0	3.50522198689488
4	120	0	170	0	150	0	155	0	0.482477650516529
4	120	0	170	0	145	0	150	0	0.677993013168587
4	120	0	170	0	135	0	140	0	2.64809247164999
4	120	0	170	0	125	0	130	0	12.061619661764
4	120	0	170	0	160	0	165	0	1.06297373241795
4	120	0	170	0	140	0	145	0	1.07065510561781
4	120	0	170	0	130	0	135	0	7.44468130096941
4	120	0	170	0	155	0	160	0	0.500202702974374
4	170	0	220	0	175	0	180	0	1.00761412704809
4	170	0	220	0	185	0	190	0	0.362172254001031
4	170	0	220	0	195	0	200	0	0.346444529528683
4	170	0	220	0	205	0	210	0	0.557894645537566
4	170	0	220	0	180	0	185	0	0.529420590978939
4	170	0	220	0	190	0	195	0	0.321416651169918
4	170	0	220	0	200	0	205	0	0.539915131052702
4	170	0	220	0	210	0	215	0	1.08606246463239
4	220	0	270	0	225	0	230	0	1.38605138251213
4	220	0	270	0	235	0	240	0	0.308383547442818
4	220	0	270	0	245	0	250	0	0.30869985044532
4	220	0	270	0	255	0	260	0	0.411751615832369
4	220	0	270	0	230	0	235	0	0.41770029681395
4	220	0	270	0	240	0	245	0	0.283081892384728
4	220	0	270	0	250	0	255	0	0.328463448622456
4	220	0	270	0	260	0	265	0	1.18565034291734
4	25	0	75	0	65	0	70	0	3.50725098154744
4	25	0	75	0	55	0	60	0	1.06823378014533
4	25	0	75	0	45	0	50	0	0.75260087577317
4	25	0	75	0	35	0	40	0	0.861745365406587
4	25	0	75	0	60	0	65	0	2.27910890609378
4	25	0	75	0	50	0	55	0	0.709767082448375
4	25	0	75	0	40	0	45	0	0.583075295055845
4	25	0	75	0	30	0	35	0	1.58929022531564
4	75	0	125	0	115	0	120	0	8.79381813933554
4	75	0	125	0	105	0	110	0	5.1602162575616
4	75	0	125	0	95	0	100	0	1.33961318181093
4	75	0	125	0	85	0	90	0	0.687813137470211
4	75	0	125	0	110	0	115	0	8.21823798845012
4	75	0	125	0	100	0	105	0	2.42750042624173
4	75	0	125	0	90	0	95	0	0.83311544476706
4	75	0	125	0	80	0	85	0	2.35020966161728
4	125	0	175	0	150	0	155	0	0.512135463593573
4	125	0	175	0	145	0	150	0	0.815741842106049
4	125	0	175	0	140	0	145	0	1.41905053062347
4	125	0	175	0	135	0	140	0	3.85759361655675
4	125	0	175	0	160	0	165	0	0.416841496432191
4	125	0	175	0	155	0	160	0	0.417030580880458
4	125	0	175	0	165	0	170	0	0.941194792535097
4	125	0	175	0	130	0	135	0	12.8745951860249
4	175	0	225	0	180	0	185	0	1.16558859493785
4	175	0	225	0	190	0	195	0	0.364783234499319
4	175	0	225	0	200	0	205	0	0.497082329851524
4	175	0	225	0	210	0	215	0	0.531127813308718
4	175	0	225	0	185	0	190	0	0.494656090889044
4	175	0	225	0	195	0	200	0	0.349805063991204
4	175	0	225	0	205	0	210	0	0.44332792385225
4	175	0	225	0	215	0	220	0	1.28266203330877
4	225	0	275	0	230	0	235	0	0.965933892472577
4	225	0	275	0	240	0	245	0	0.306945003783929
4	225	0	275	0	250	0	255	0	0.286430916212694
4	225	0	275	0	260	0	265	0	0.520142268882039
4	225	0	275	0	235	0	240	0	0.394978429923144
4	225	0	275	0	245	0	250	0	0.301728408406415
4	225	0	275	0	255	0	260	0	0.296527573940807
4	225	0	275	0	265	0	270	0	1.02280357984095
4	30	0	80	0	70	0	75	0	2.80824869096273
4	30	0	80	0	60	0	65	0	1.56788402169491
4	30	0	80	0	50	0	55	0	0.660298280997916
4	30	0	80	0	40	0	45	0	0.70818137422944
4	30	0	80	0	65	0	70	0	1.88896887083975
4	30	0	80	0	55	0	60	0	0.854734231193265
4	30	0	80	0	45	0	50	0	0.777361198278499
4	30	0	80	0	35	0	40	0	1.35857857219203
4	80	0	130	0	120	0	125	0	8.20156457010819
4	80	0	130	0	110	0	115	0	4.99478883956907
4	80	0	130	0	100	0	105	0	1.78835924445915
4	80	0	130	0	90	0	95	0	0.909932360758395
4	80	0	130	0	115	0	120	0	4.44744552787041
4	80	0	130	0	105	0	110	0	3.44509566643208
4	80	0	130	0	95	0	100	0	1.16277822144438
4	80	0	130	0	85	0	90	0	1.20147330248054
4	130	0	180	0	150	0	155	0	0.672485590580939
4	130	0	180	0	145	0	150	0	1.26798083644918
4	130	0	180	0	140	0	145	0	2.66987919136453
4	130	0	180	0	135	0	140	0	9.87023059184997
4	130	0	180	0	170	0	175	0	1.20706424302792
4	130	0	180	0	155	0	160	0	0.453369009429793
4	130	0	180	0	165	0	170	0	0.451083653086147
4	130	0	180	0	160	0	165	0	0.348641160281822
4	180	0	230	0	185	0	190	0	1.09557198255942
4	180	0	230	0	195	0	200	0	0.384816750660178
4	180	0	230	0	205	0	210	0	0.395759098521814
4	180	0	230	0	215	0	220	0	0.437412135722532
4	180	0	230	0	190	0	195	0	0.491860603223331
4	180	0	230	0	200	0	205	0	0.489364483100255
4	180	0	230	0	210	0	215	0	0.393590718189243
4	180	0	230	0	220	0	225	0	0.916398346273678
4	230	0	280	0	235	0	240	0	1.0241207942487
4	230	0	280	0	245	0	250	0	0.340497910358525
4	230	0	280	0	255	0	260	0	0.261712540868258
4	230	0	280	0	265	0	270	0	0.443759693607059
4	230	0	280	0	240	0	245	0	0.42801862361997
4	230	0	280	0	250	0	255	0	0.285413437126853
4	230	0	280	0	260	0	265	0	0.37404570129733
4	230	0	280	0	270	0	275	0	1.1844980969109
4	35	0	85	0	75	0	80	0	2.03618376488145
4	35	0	85	0	65	0	70	0	1.53032696275434
4	35	0	85	0	55	0	60	0	0.865479549462631
4	35	0	85	0	45	0	50	0	1.01599562888272
4	35	0	85	0	70	0	75	0	1.71740494610368
4	35	0	85	0	60	0	65	0	1.42966549577901
4	35	0	85	0	50	0	55	0	0.76261797052237
4	35	0	85	0	40	0	45	0	1.2724396823357
4	85	0	135	0	125	0	130	0	9.08638451888007
4	85	0	135	0	115	0	120	0	2.29154622534932
4	85	0	135	0	105	0	110	0	2.37289413571661
4	85	0	135	0	95	0	100	0	1.17001023899572
4	85	0	135	0	120	0	125	0	2.79683667136022
4	85	0	135	0	110	0	115	0	3.05577194721997
4	85	0	135	0	100	0	105	0	1.41563682497545
4	85	0	135	0	90	0	95	0	1.26809579936247
4	135	0	185	0	150	0	155	0	0.936042358421793
4	135	0	185	0	155	0	160	0	0.537827579524839
4	135	0	185	0	145	0	150	0	2.10658432864104
4	135	0	185	0	140	0	145	0	5.65372591308656
4	135	0	185	0	165	0	170	0	0.361078909217067
4	135	0	185	0	175	0	180	0	1.17236879775994
4	135	0	185	0	160	0	165	0	0.350260292500772
4	135	0	185	0	170	0	175	0	0.59462108815962
4	185	0	235	0	190	0	195	0	1.19204590916438
4	185	0	235	0	200	0	205	0	0.542213558486357
4	185	0	235	0	210	0	215	0	0.371044580687919
4	185	0	235	0	220	0	225	0	0.371163747061841
4	185	0	235	0	195	0	200	0	0.527457972623957
4	185	0	235	0	205	0	210	0	0.401481647938489
4	185	0	235	0	215	0	220	0	0.346561057915835
4	185	0	235	0	225	0	230	0	1.10029474137998
4	235	0	285	0	245	0	250	0	0.458562310164653
4	235	0	285	0	255	0	260	0	0.260302709788513
4	235	0	285	0	265	0	270	0	0.322762849854704
4	235	0	285	0	240	0	245	0	1.00439453791219
4	235	0	285	0	250	0	255	0	0.31628145439805
4	235	0	285	0	260	0	265	0	0.329368813577184
4	235	0	285	0	270	0	275	0	0.553115634456658
4	235	0	285	0	275	0	280	0	1.13717244732966
4	40	0	90	0	80	0	85	0	1.69652820961929
4	40	0	90	0	70	0	75	0	1.56013231154127
4	40	0	90	0	60	0	65	0	1.50075920835593
4	40	0	90	0	50	0	55	0	0.989007073622187
4	40	0	90	0	75	0	80	0	1.49605102720499
4	40	0	90	0	65	0	70	0	1.51912548547794
4	40	0	90	0	55	0	60	0	0.972562097816338
4	40	0	90	0	45	0	50	0	1.59393737767069
4	90	0	140	0	130	0	135	0	5.26142319546812
4	90	0	140	0	120	0	125	0	1.63092401100981
4	90	0	140	0	110	0	115	0	2.53605438082488
4	90	0	140	0	100	0	105	0	1.51722733047983
4	90	0	140	0	125	0	130	0	3.11735121581636
4	90	0	140	0	115	0	120	0	1.69088636276545
4	90	0	140	0	105	0	110	0	2.16676308728456
4	90	0	140	0	95	0	100	0	1.82302005332715
4	140	0	190	0	150	0	155	0	1.27497478394846
4	140	0	190	0	145	0	150	0	3.6444175678149
4	140	0	190	0	170	0	175	0	0.472211097962615
4	140	0	190	0	180	0	185	0	1.31198834808875
4	140	0	190	0	165	0	170	0	0.335534111347359
4	140	0	190	0	175	0	180	0	0.577545037489127
4	140	0	190	0	155	0	160	0	0.632365386213741
4	140	0	190	0	160	0	165	0	0.368344501163159
4	190	0	240	0	195	0	200	0	1.32286873980589
4	190	0	240	0	205	0	210	0	0.439619091166164
4	190	0	240	0	215	0	220	0	0.326307891992079
4	190	0	240	0	225	0	230	0	0.474035052826632
4	190	0	240	0	200	0	205	0	0.698191781319662
4	190	0	240	0	210	0	215	0	0.380027296735612
4	190	0	240	0	220	0	225	0	0.285644346593251
4	190	0	240	0	230	0	235	0	0.999656041416911
4	240	0	290	0	250	0	255	0	0.422110139402572
4	240	0	290	0	260	0	265	0	0.324784344785353
4	240	0	290	0	270	0	275	0	0.402204371476418
4	240	0	290	0	245	0	250	0	1.076327502305
4	240	0	290	0	255	0	260	0	0.290847398337865
4	240	0	290	0	265	0	270	0	0.278906048204796
4	240	0	290	0	275	0	280	0	0.590997528479131
4	240	0	290	0	280	0	285	0	1.0346736894145
4	45	0	95	0	85	0	90	0	1.8766154900483
4	45	0	95	0	75	0	80	0	1.29849846008537
4	45	0	95	0	65	0	70	0	1.58850807383732
4	45	0	95	0	55	0	60	0	1.21906067902477
4	45	0	95	0	80	0	85	0	1.23748025965774
4	45	0	95	0	70	0	75	0	1.51145593331269
4	45	0	95	0	60	0	65	0	1.68037847533567
4	45	0	95	0	50	0	55	0	1.79246063948667
4	95	0	145	0	135	0	140	0	2.57219869629503
4	95	0	145	0	125	0	130	0	2.01548401240589
4	95	0	145	0	115	0	120	0	1.75734582687649
4	95	0	145	0	105	0	110	0	3.1477139039028
4	95	0	145	0	130	0	135	0	2.38613657655739
4	95	0	145	0	120	0	125	0	1.45596362768966
4	95	0	145	0	110	0	115	0	2.97447008371767
4	95	0	145	0	100	0	105	0	3.92187726383201
4	145	0	195	0	150	0	155	0	2.28140290415931
4	145	0	195	0	165	0	170	0	0.333156794932526
4	145	0	195	0	175	0	180	0	0.448127952606429
4	145	0	195	0	185	0	190	0	1.35538308724397
4	145	0	195	0	160	0	165	0	0.403331179689863
4	145	0	195	0	170	0	175	0	0.428910213711723
4	145	0	195	0	180	0	185	0	0.613671590722235
4	145	0	195	0	155	0	160	0	0.792811537407827
4	195	0	245	0	200	0	205	0	1.37286505428139
4	195	0	245	0	210	0	215	0	0.424220439829819
4	195	0	245	0	220	0	225	0	0.263143659828534
4	195	0	245	0	230	0	235	0	0.423428592857721
4	195	0	245	0	205	0	210	0	0.54248548949078
4	195	0	245	0	215	0	220	0	0.337640646946788
4	195	0	245	0	225	0	230	0	0.355886515398716
4	195	0	245	0	235	0	240	0	1.02668521615757
4	245	0	295	0	255	0	260	0	0.406497902381142
4	245	0	295	0	265	0	270	0	0.271056626535513
4	245	0	295	0	275	0	280	0	0.435198766580777
4	245	0	295	0	250	0	255	0	0.98169948638674
4	245	0	295	0	260	0	265	0	0.365560124326549
4	245	0	295	0	270	0	275	0	0.341725671012534
4	245	0	295	0	280	0	285	0	0.538420224892868
4	245	0	295	0	285	0	290	0	1.02422368889671
0
0
0
0
0
0
0
0
